0, 0
1, 1
2, 2
2, 3
3, 4
3, 5
4, 6
4, 7
5, 8
5, 9
5, 10
5, 11
6, 12
6, 13
6, 14
7, 15
7, 16
7, 17
7, 18
7, 19
7, 20
7, 21
8, 22
8, 23
8, 24
8, 25
8, 26
8, 27
8, 28
9, 29
9, 30
9, 31
9, 32
9, 33
9, 34
9, 35
9, 36
9, 37
9, 38
10, 39
10, 40
10, 41
10, 42
10, 43
10, 44
10, 45
10, 46
10, 47
10, 48
10, 49
10, 50
10, 51
11, 52
10, 53
11, 54
11, 55
11, 56
11, 57
11, 58
11, 59
11, 60
11, 61
11, 62
11, 63
11, 64
11, 65
11, 66
11, 67
12, 68
11, 69
12, 70
12, 71
12, 72
12, 73
11, 74
12, 75
12, 76
12, 77
12, 78
12, 79
12, 80
12, 81
12, 82
12, 83
12, 84
12, 85
13, 86
12, 87
13, 88
13, 89
13, 90
12, 91
12, 92
12, 93
12, 94
13, 95
13, 96
13, 97
13, 98
13, 99
13, 100
13, 101
13, 102
13, 103
13, 104
13, 105
13, 106
13, 107
13, 108
13, 109
13, 110
13, 111
13, 112
13, 113
14, 114
14, 115
13, 116
14, 117
14, 118
14, 119
14, 120
14, 121
14, 122
14, 123
13, 124
13, 125
13, 126
13, 127
14, 128
14, 129
14, 130
14, 131
14, 132
14, 133
14, 134
14, 135
14, 136
14, 137
14, 138
14, 139
14, 140
14, 141
15, 142
14, 143
14, 144
15, 145
14, 146
14, 147
14, 148
14, 149
15, 150
14, 151
14, 152
14, 153
15, 154
15, 155
14, 156
14, 157
14, 158
15, 159
15, 160
14, 161
15, 162
15, 163
14, 164
15, 165
15, 166
14, 167
15, 168
15, 169
15, 170
15, 171
15, 172
15, 173
15, 174
15, 175
15, 176
15, 177
15, 178
15, 179
16, 180
15, 181
15, 182
15, 183
15, 184
15, 185
15, 186
15, 187
15, 188
15, 189
15, 190
15, 191
15, 192
16, 193
15, 194
15, 195
15, 196
16, 197
16, 198
16, 199
15, 200
15, 201
15, 202
16, 203
15, 204
16, 205
16, 206
15, 207
16, 208
15, 209
16, 210
16, 211
16, 212
16, 213
15, 214
15, 215
16, 216
16, 217
16, 218
16, 219
16, 220
16, 221
16, 222
16, 223
16, 224
16, 225
16, 226
16, 227
15, 228
16, 229
16, 230
16, 231
16, 232
16, 233
16, 234
16, 235
16, 236
16, 237
16, 238
17, 239
16, 240
17, 241
16, 242
16, 243
16, 244
16, 245
16, 246
16, 247
16, 248
17, 249
16, 250
16, 251
16, 252
16, 253
16, 254
16, 255
16, 256
16, 257
17, 258
16, 259
16, 260
16, 261
16, 262
17, 263
17, 264
16, 265
17, 266
17, 267
16, 268
16, 269
17, 270
17, 271
17, 272
17, 273
17, 274
17, 275
17, 276
17, 277
17, 278
17, 279
17, 280
17, 281
17, 282
17, 283
17, 284
17, 285
17, 286
17, 287
17, 288
17, 289
17, 290
17, 291
17, 292
17, 293
17, 294
17, 295
16, 296
17, 297
17, 298
17, 299
17, 300
17, 301
17, 302
17, 303
17, 304
18, 305
17, 306
17, 307
17, 308
17, 309
17, 310
17, 311
17, 312
18, 313
17, 314
17, 315
17, 316
17, 317
18, 318
17, 319
17, 320
18, 321
17, 322
17, 323
17, 324
18, 325
17, 326
17, 327
18, 328
18, 329
17, 330
17, 331
18, 332
17, 333
17, 334
17, 335
17, 336
18, 337
17, 338
17, 339
18, 340
17, 341
18, 342
17, 343
17, 344
17, 345
17, 346
18, 347
18, 348
18, 349
17, 350
17, 351
18, 352
17, 353
18, 354
18, 355
17, 356
18, 357
18, 358
18, 359
18, 360
18, 361
18, 362
18, 363
18, 364
18, 365
18, 366
18, 367
18, 368
18, 369
18, 370
18, 371
18, 372
18, 373
18, 374
18, 375
18, 376
18, 377
19, 378
18, 379
18, 380
18, 381
18, 382
18, 383
18, 384
18, 385
18, 386
18, 387
18, 388
18, 389
18, 390
18, 391
18, 392
18, 393
18, 394
18, 395
18, 396
18, 397
18, 398
18, 399
19, 400
18, 401
18, 402
18, 403
18, 404
19, 405
18, 406
18, 407
18, 408
18, 409
19, 410
18, 411
18, 412
18, 413
18, 414
18, 415
18, 416
18, 417
18, 418
18, 419
18, 420
19, 421
18, 422
18, 423
18, 424
18, 425
18, 426
18, 427
18, 428
18, 429
18, 430
18, 431
18, 432
19, 433
18, 434
19, 435
18, 436
18, 437
18, 438
18, 439
18, 440
18, 441
18, 442
18, 443
18, 444
19, 445
18, 446
19, 447
19, 448
19, 449
18, 450
19, 451
19, 452
19, 453
18, 454
19, 455
19, 456
18, 457
19, 458
19, 459
18, 460
19, 461
19, 462
18, 463
18, 464
19, 465
18, 466
19, 467
19, 468
19, 469
19, 470
19, 471
19, 472
19, 473
18, 474
19, 475
18, 476
19, 477
19, 478
19, 479
19, 480
19, 481
19, 482
18, 483
19, 484
18, 485
18, 486
20, 487
19, 488
19, 489
19, 490
19, 491
19, 492
19, 493
19, 494
19, 495
19, 496
19, 497
19, 498
19, 499
18, 500
19, 501
19, 502
19, 503
18, 504
19, 505
19, 506
19, 507
20, 508
19, 509
19, 510
19, 511
20, 512
19, 513
19, 514
19, 515
19, 516
19, 517
19, 518
19, 519
19, 520
18, 521
19, 522
19, 523
19, 524
19, 525
19, 526
18, 527
19, 528
19, 529
18, 530
19, 531
19, 532
19, 533
20, 534
19, 535
19, 536
19, 537
19, 538
19, 539
19, 540
20, 541
19, 542
19, 543
19, 544
19, 545
19, 546
20, 547
19, 548
20, 549
19, 550
19, 551
19, 552
20, 553
19, 554
19, 555
19, 556
20, 557
19, 558
20, 559
20, 560
19, 561
19, 562
19, 563
20, 564
19, 565
20, 566
19, 567
19, 568
19, 569
19, 570
20, 571
19, 572
19, 573
20, 574
20, 575
20, 576
19, 577
20, 578
20, 579
19, 580
20, 581
20, 582
19, 583
19, 584
19, 585
20, 586
19, 587
20, 588
20, 589
20, 590
19, 591
20, 592
19, 593
20, 594
20, 595
20, 596
19, 597
19, 598
19, 599
20, 600
20, 601
19, 602
19, 603
20, 604
19, 605
20, 606
20, 607
20, 608
20, 609
20, 610
20, 611
21, 612
20, 613
19, 614
20, 615
20, 616
20, 617
20, 618
20, 619
19, 620
20, 621
20, 622
20, 623
20, 624
20, 625
20, 626
20, 627
20, 628
20, 629
20, 630
20, 631
20, 632
20, 633
20, 634
20, 635
20, 636
20, 637
21, 638
20, 639
20, 640
20, 641
19, 642
20, 643
20, 644
20, 645
20, 646
20, 647
19, 648
20, 649
20, 650
20, 651
20, 652
20, 653
20, 654
20, 655
20, 656
20, 657
20, 658
20, 659
20, 660
20, 661
20, 662
20, 663
20, 664
20, 665
20, 666
20, 667
20, 668
21, 669
21, 670
21, 671
20, 672
20, 673
20, 674
21, 675
20, 676
20, 677
20, 678
20, 679
20, 680
20, 681
20, 682
20, 683
20, 684
20, 685
20, 686
20, 687
20, 688
20, 689
20, 690
20, 691
20, 692
20, 693
20, 694
20, 695
20, 696
21, 697
20, 698
20, 699
20, 700
21, 701
20, 702
21, 703
20, 704
20, 705
20, 706
20, 707
20, 708
20, 709
20, 710
20, 711
21, 712
20, 713
21, 714
21, 715
20, 716
20, 717
20, 718
21, 719
20, 720
20, 721
20, 722
21, 723
20, 724
20, 725
21, 726
20, 727
21, 728
20, 729
20, 730
21, 731
20, 732
20, 733
21, 734
21, 735
20, 736
20, 737
20, 738
20, 739
21, 740
20, 741
21, 742
20, 743
21, 744
20, 745
21, 746
21, 747
21, 748
21, 749
21, 750
21, 751
21, 752
20, 753
21, 754
21, 755
20, 756
21, 757
20, 758
21, 759
21, 760
21, 761
21, 762
21, 763
21, 764
20, 765
21, 766
20, 767
21, 768
21, 769
20, 770
21, 771
21, 772
20, 773
21, 774
21, 775
21, 776
21, 777
20, 778
20, 779
21, 780
21, 781
21, 782
21, 783
21, 784
21, 785
20, 786
21, 787
21, 788
21, 789
21, 790
21, 791
21, 792
21, 793
20, 794
21, 795
21, 796
20, 797
21, 798
21, 799
21, 800
21, 801
21, 802
21, 803
21, 804
21, 805
21, 806
21, 807
21, 808
21, 809
21, 810
21, 811
21, 812
20, 813
21, 814
20, 815
21, 816
21, 817
21, 818
21, 819
21, 820
21, 821
21, 822
21, 823
21, 824
21, 825
21, 826
21, 827
22, 828
21, 829
21, 830
21, 831
21, 832
21, 833
21, 834
21, 835
21, 836
21, 837
21, 838
21, 839
22, 840
21, 841
21, 842
21, 843
20, 844
21, 845
21, 846
21, 847
21, 848
21, 849
21, 850
21, 851
21, 852
21, 853
21, 854
21, 855
21, 856
21, 857
21, 858
21, 859
21, 860
21, 861
21, 862
21, 863
21, 864
21, 865
21, 866
22, 867
21, 868
21, 869
21, 870
21, 871
21, 872
21, 873
21, 874
21, 875
21, 876
21, 877
21, 878
21, 879
21, 880
21, 881
21, 882
21, 883
21, 884
21, 885
21, 886
21, 887
21, 888
21, 889
21, 890
21, 891
21, 892
22, 893
21, 894
21, 895
21, 896
22, 897
21, 898
22, 899
22, 900
21, 901
21, 902
21, 903
21, 904
21, 905
22, 906
21, 907
21, 908
21, 909
21, 910
21, 911
21, 912
21, 913
22, 914
21, 915
21, 916
21, 917
21, 918
21, 919
21, 920
21, 921
21, 922
21, 923
21, 924
21, 925
22, 926
21, 927
22, 928
22, 929
22, 930
21, 931
21, 932
21, 933
22, 934
22, 935
21, 936
21, 937
21, 938
21, 939
21, 940
21, 941
21, 942
22, 943
22, 944
21, 945
22, 946
21, 947
22, 948
22, 949
21, 950
22, 951
21, 952
22, 953
22, 954
22, 955
22, 956
21, 957
21, 958
21, 959
21, 960
22, 961
22, 962
22, 963
21, 964
21, 965
22, 966
22, 967
21, 968
21, 969
21, 970
22, 971
22, 972
22, 973
22, 974
22, 975
21, 976
22, 977
22, 978
22, 979
22, 980
22, 981
22, 982
22, 983
21, 984
22, 985
22, 986
22, 987
22, 988
22, 989
22, 990
21, 991
22, 992
21, 993
21, 994
22, 995
22, 996
22, 997
22, 998
22, 999
21, 1000
21, 1001
22, 1002
22, 1003
22, 1004
22, 1005
21, 1006
22, 1007
22, 1008
21, 1009
22, 1010
21, 1011
22, 1012
22, 1013
21, 1014
22, 1015
21, 1016
22, 1017
22, 1018
22, 1019
22, 1020
22, 1021
22, 1022
22, 1023
22, 1024
21, 1025
22, 1026
22, 1027
22, 1028
22, 1029
22, 1030
22, 1031
22, 1032
22, 1033
22, 1034
22, 1035
21, 1036
21, 1037
22, 1038
22, 1039
22, 1040
23, 1041
22, 1042
21, 1043
22, 1044
22, 1045
22, 1046
22, 1047
22, 1048
22, 1049
22, 1050
22, 1051
22, 1052
22, 1053
22, 1054
22, 1055
22, 1056
22, 1057
22, 1058
22, 1059
22, 1060
22, 1061
21, 1062
22, 1063
22, 1064
22, 1065
22, 1066
22, 1067
22, 1068
22, 1069
22, 1070
22, 1071
22, 1072
22, 1073
22, 1074
22, 1075
22, 1076
23, 1077
22, 1078
22, 1079
22, 1080
22, 1081
23, 1082
22, 1083
22, 1084
22, 1085
22, 1086
22, 1087
22, 1088
22, 1089
22, 1090
22, 1091
22, 1092
22, 1093
22, 1094
22, 1095
22, 1096
22, 1097
23, 1098
22, 1099
22, 1100
22, 1101
22, 1102
22, 1103
22, 1104
22, 1105
21, 1106
22, 1107
22, 1108
22, 1109
22, 1110
22, 1111
23, 1112
23, 1113
22, 1114
21, 1115
22, 1116
22, 1117
22, 1118
22, 1119
22, 1120
22, 1121
23, 1122
22, 1123
22, 1124
21, 1125
22, 1126
22, 1127
21, 1128
22, 1129
22, 1130
22, 1131
22, 1132
22, 1133
22, 1134
22, 1135
22, 1136
22, 1137
22, 1138
22, 1139
22, 1140
22, 1141
22, 1142
22, 1143
23, 1144
22, 1145
22, 1146
22, 1147
23, 1148
22, 1149
22, 1150
22, 1151
23, 1152
22, 1153
22, 1154
22, 1155
22, 1156
22, 1157
22, 1158
23, 1159
22, 1160
22, 1161
22, 1162
22, 1163
22, 1164
22, 1165
22, 1166
22, 1167
22, 1168
22, 1169
22, 1170
22, 1171
22, 1172
22, 1173
22, 1174
22, 1175
22, 1176
22, 1177
22, 1178
23, 1179
22, 1180
22, 1181
22, 1182
22, 1183
22, 1184
22, 1185
23, 1186
22, 1187
22, 1188
22, 1189
23, 1190
22, 1191
22, 1192
22, 1193
22, 1194
22, 1195
22, 1196
22, 1197
22, 1198
22, 1199
22, 1200
22, 1201
23, 1202
22, 1203
22, 1204
22, 1205
22, 1206
23, 1207
22, 1208
22, 1209
23, 1210
22, 1211
23, 1212
23, 1213
23, 1214
22, 1215
22, 1216
22, 1217
22, 1218
22, 1219
22, 1220
23, 1221
23, 1222
22, 1223
23, 1224
23, 1225
22, 1226
23, 1227
23, 1228
23, 1229
23, 1230
23, 1231
22, 1232
22, 1233
22, 1234
23, 1235
23, 1236
23, 1237
23, 1238
23, 1239
22, 1240
22, 1241
23, 1242
22, 1243
23, 1244
22, 1245
23, 1246
22, 1247
23, 1248
23, 1249
22, 1250
22, 1251
22, 1252
22, 1253
23, 1254
23, 1255
22, 1256
23, 1257
22, 1258
23, 1259
23, 1260
23, 1261
22, 1262
23, 1263
23, 1264
22, 1265
23, 1266
23, 1267
23, 1268
22, 1269
22, 1270
23, 1271
23, 1272
23, 1273
23, 1274
23, 1275
22, 1276
23, 1277
23, 1278
22, 1279
23, 1280
23, 1281
22, 1282
23, 1283
23, 1284
22, 1285
23, 1286
23, 1287
23, 1288
23, 1289
22, 1290
23, 1291
22, 1292
22, 1293
23, 1294
23, 1295
22, 1296
22, 1297
23, 1298
23, 1299
23, 1300
23, 1301
23, 1302
23, 1303
23, 1304
22, 1305
22, 1306
23, 1307
23, 1308
23, 1309
23, 1310
22, 1311
23, 1312
23, 1313
23, 1314
23, 1315
23, 1316
23, 1317
23, 1318
22, 1319
23, 1320
23, 1321
23, 1322
23, 1323
23, 1324
23, 1325
23, 1326
22, 1327
24, 1328
23, 1329
23, 1330
22, 1331
22, 1332
23, 1333
23, 1334
23, 1335
23, 1336
23, 1337
23, 1338
23, 1339
23, 1340
23, 1341
23, 1342
23, 1343
23, 1344
23, 1345
24, 1346
23, 1347
22, 1348
23, 1349
23, 1350
23, 1351
23, 1352
23, 1353
23, 1354
23, 1355
23, 1356
23, 1357
22, 1358
23, 1359
23, 1360
23, 1361
22, 1362
24, 1363
23, 1364
23, 1365
23, 1366
23, 1367
23, 1368
23, 1369
23, 1370
22, 1371
22, 1372
23, 1373
23, 1374
23, 1375
23, 1376
23, 1377
23, 1378
23, 1379
23, 1380
23, 1381
23, 1382
23, 1383
23, 1384
23, 1385
22, 1386
23, 1387
23, 1388
23, 1389
23, 1390
23, 1391
23, 1392
23, 1393
23, 1394
23, 1395
23, 1396
23, 1397
23, 1398
23, 1399
23, 1400
23, 1401
23, 1402
23, 1403
24, 1404
23, 1405
23, 1406
23, 1407
23, 1408
23, 1409
23, 1410
23, 1411
23, 1412
23, 1413
23, 1414
23, 1415
23, 1416
23, 1417
23, 1418
23, 1419
24, 1420
23, 1421
23, 1422
23, 1423
23, 1424
23, 1425
23, 1426
23, 1427
23, 1428
23, 1429
23, 1430
23, 1431
24, 1432
23, 1433
23, 1434
23, 1435
23, 1436
23, 1437
24, 1438
23, 1439
23, 1440
23, 1441
23, 1442
23, 1443
23, 1444
23, 1445
24, 1446
23, 1447
23, 1448
23, 1449
23, 1450
23, 1451
23, 1452
24, 1453
24, 1454
23, 1455
23, 1456
23, 1457
23, 1458
24, 1459
23, 1460
23, 1461
23, 1462
23, 1463
24, 1464
23, 1465
23, 1466
23, 1467
23, 1468
23, 1469
23, 1470
23, 1471
23, 1472
23, 1473
23, 1474
23, 1475
23, 1476
23, 1477
23, 1478
24, 1479
24, 1480
23, 1481
23, 1482
23, 1483
23, 1484
23, 1485
23, 1486
24, 1487
23, 1488
23, 1489
23, 1490
23, 1491
23, 1492
23, 1493
23, 1494
24, 1495
24, 1496
23, 1497
24, 1498
23, 1499
24, 1500
23, 1501
24, 1502
23, 1503
23, 1504
23, 1505
23, 1506
23, 1507
23, 1508
23, 1509
23, 1510
23, 1511
23, 1512
24, 1513
23, 1514
23, 1515
22, 1516
23, 1517
23, 1518
23, 1519
23, 1520
24, 1521
23, 1522
23, 1523
23, 1524
24, 1525
24, 1526
23, 1527
23, 1528
23, 1529
23, 1530
23, 1531
23, 1532
23, 1533
23, 1534
23, 1535
24, 1536
24, 1537
23, 1538
24, 1539
23, 1540
23, 1541
23, 1542
23, 1543
24, 1544
23, 1545
24, 1546
23, 1547
24, 1548
23, 1549
23, 1550
23, 1551
23, 1552
23, 1553
23, 1554
23, 1555
24, 1556
24, 1557
24, 1558
24, 1559
23, 1560
23, 1561
24, 1562
24, 1563
23, 1564
23, 1565
24, 1566
24, 1567
23, 1568
23, 1569
24, 1570
24, 1571
23, 1572
24, 1573
24, 1574
24, 1575
24, 1576
23, 1577
24, 1578
23, 1579
23, 1580
24, 1581
23, 1582
23, 1583
23, 1584
23, 1585
24, 1586
24, 1587
23, 1588
24, 1589
24, 1590
24, 1591
24, 1592
24, 1593
23, 1594
23, 1595
23, 1596
24, 1597
24, 1598
24, 1599
23, 1600
23, 1601
23, 1602
23, 1603
23, 1604
24, 1605
23, 1606
24, 1607
24, 1608
23, 1609
24, 1610
23, 1611
23, 1612
23, 1613
24, 1614
24, 1615
23, 1616
24, 1617
24, 1618
23, 1619
24, 1620
24, 1621
24, 1622
24, 1623
24, 1624
23, 1625
24, 1626
24, 1627
24, 1628
23, 1629
24, 1630
24, 1631
23, 1632
24, 1633
23, 1634
23, 1635
23, 1636
23, 1637
24, 1638
23, 1639
24, 1640
23, 1641
23, 1642
23, 1643
24, 1644
23, 1645
23, 1646
24, 1647
24, 1648
24, 1649
24, 1650
24, 1651
24, 1652
24, 1653
23, 1654
24, 1655
24, 1656
24, 1657
23, 1658
24, 1659
24, 1660
23, 1661
24, 1662
24, 1663
23, 1664
24, 1665
24, 1666
24, 1667
24, 1668
24, 1669
23, 1670
24, 1671
24, 1672
24, 1673
24, 1674
24, 1675
23, 1676
23, 1677
24, 1678
24, 1679
24, 1680
24, 1681
25, 1682
24, 1683
24, 1684
24, 1685
24, 1686
23, 1687
24, 1688
24, 1689
24, 1690
24, 1691
24, 1692
24, 1693
24, 1694
23, 1695
23, 1696
24, 1697
24, 1698
23, 1699
24, 1700
24, 1701
24, 1702
24, 1703
23, 1704
24, 1705
24, 1706
23, 1707
24, 1708
24, 1709
24, 1710
24, 1711
24, 1712
23, 1713
24, 1714
24, 1715
24, 1716
24, 1717
23, 1718
24, 1719
24, 1720
24, 1721
24, 1722
24, 1723
23, 1724
24, 1725
23, 1726
24, 1727
24, 1728
24, 1729
24, 1730
24, 1731
24, 1732
24, 1733
24, 1734
24, 1735
24, 1736
24, 1737
24, 1738
24, 1739
23, 1740
24, 1741
24, 1742
23, 1743
24, 1744
24, 1745
24, 1746
23, 1747
24, 1748
24, 1749
25, 1750
24, 1751
24, 1752
23, 1753
24, 1754
24, 1755
25, 1756
24, 1757
23, 1758
24, 1759
24, 1760
24, 1761
24, 1762
24, 1763
24, 1764
24, 1765
24, 1766
25, 1767
24, 1768
24, 1769
24, 1770
24, 1771
24, 1772
24, 1773
24, 1774
24, 1775
24, 1776
24, 1777
23, 1778
24, 1779
25, 1780
24, 1781
24, 1782
24, 1783
24, 1784
24, 1785
24, 1786
24, 1787
24, 1788
24, 1789
24, 1790
24, 1791
24, 1792
24, 1793
24, 1794
24, 1795
24, 1796
24, 1797
24, 1798
24, 1799
24, 1800
24, 1801
24, 1802
24, 1803
24, 1804
24, 1805
24, 1806
24, 1807
23, 1808
24, 1809
24, 1810
24, 1811
24, 1812
24, 1813
24, 1814
24, 1815
24, 1816
24, 1817
24, 1818
24, 1819
24, 1820
24, 1821
24, 1822
24, 1823
24, 1824
24, 1825
24, 1826
24, 1827
25, 1828
24, 1829
24, 1830
24, 1831
24, 1832
24, 1833
24, 1834
25, 1835
25, 1836
24, 1837
24, 1838
25, 1839
24, 1840
24, 1841
24, 1842
24, 1843
24, 1844
24, 1845
24, 1846
24, 1847
24, 1848
24, 1849
24, 1850
24, 1851
24, 1852
24, 1853
24, 1854
25, 1855
24, 1856
24, 1857
24, 1858
24, 1859
24, 1860
24, 1861
24, 1862
24, 1863
24, 1864
24, 1865
24, 1866
23, 1867
24, 1868
24, 1869
24, 1870
25, 1871
24, 1872
25, 1873
24, 1874
24, 1875
24, 1876
24, 1877
24, 1878
24, 1879
24, 1880
24, 1881
24, 1882
24, 1883
24, 1884
24, 1885
24, 1886
25, 1887
25, 1888
23, 1889
24, 1890
24, 1891
24, 1892
25, 1893
25, 1894
24, 1895
24, 1896
25, 1897
24, 1898
24, 1899
24, 1900
24, 1901
24, 1902
24, 1903
24, 1904
24, 1905
24, 1906
24, 1907
24, 1908
24, 1909
24, 1910
24, 1911
24, 1912
24, 1913
25, 1914
24, 1915
25, 1916
25, 1917
25, 1918
24, 1919
24, 1920
24, 1921
24, 1922
24, 1923
24, 1924
24, 1925
25, 1926
24, 1927
24, 1928
24, 1929
25, 1930
24, 1931
24, 1932
24, 1933
25, 1934
24, 1935
25, 1936
24, 1937
24, 1938
24, 1939
25, 1940
24, 1941
25, 1942
24, 1943
24, 1944
24, 1945
24, 1946
24, 1947
25, 1948
24, 1949
24, 1950
24, 1951
24, 1952
24, 1953
25, 1954
25, 1955
24, 1956
23, 1957
24, 1958
24, 1959
25, 1960
24, 1961
24, 1962
25, 1963
24, 1964
25, 1965
24, 1966
24, 1967
24, 1968
24, 1969
24, 1970
24, 1971
25, 1972
24, 1973
24, 1974
24, 1975
25, 1976
24, 1977
24, 1978
25, 1979
25, 1980
24, 1981
25, 1982
24, 1983
24, 1984
24, 1985
24, 1986
24, 1987
25, 1988
25, 1989
24, 1990
24, 1991
24, 1992
25, 1993
24, 1994
24, 1995
24, 1996
24, 1997
24, 1998
25, 1999
24, 2000
24, 2001
25, 2002
25, 2003
25, 2004
24, 2005
24, 2006
24, 2007
24, 2008
25, 2009
24, 2010
24, 2011
25, 2012
24, 2013
24, 2014
24, 2015
24, 2016
25, 2017
25, 2018
25, 2019
24, 2020
24, 2021
24, 2022
25, 2023
24, 2024
24, 2025
25, 2026
25, 2027
25, 2028
25, 2029
25, 2030
24, 2031
24, 2032
24, 2033
25, 2034
25, 2035
25, 2036
25, 2037
24, 2038
24, 2039
25, 2040
24, 2041
25, 2042
24, 2043
24, 2044
24, 2045
24, 2046
25, 2047
24, 2048
25, 2049
25, 2050
25, 2051
24, 2052
25, 2053
25, 2054
24, 2055
24, 2056
25, 2057
24, 2058
24, 2059
24, 2060
25, 2061
25, 2062
25, 2063
24, 2064
25, 2065
25, 2066
25, 2067
24, 2068
25, 2069
24, 2070
24, 2071
25, 2072
24, 2073
24, 2074
24, 2075
24, 2076
24, 2077
24, 2078
25, 2079
25, 2080
25, 2081
25, 2082
24, 2083
24, 2084
24, 2085
25, 2086
25, 2087
25, 2088
24, 2089
24, 2090
25, 2091
25, 2092
25, 2093
24, 2094
24, 2095
25, 2096
25, 2097
25, 2098
25, 2099
25, 2100
24, 2101
25, 2102
24, 2103
24, 2104
25, 2105
24, 2106
25, 2107
25, 2108
24, 2109
25, 2110
25, 2111
25, 2112
24, 2113
25, 2114
25, 2115
25, 2116
25, 2117
25, 2118
24, 2119
25, 2120
24, 2121
25, 2122
24, 2123
25, 2124
24, 2125
25, 2126
24, 2127
25, 2128
25, 2129
25, 2130
25, 2131
25, 2132
25, 2133
25, 2134
24, 2135
24, 2136
24, 2137
25, 2138
25, 2139
24, 2140
25, 2141
24, 2142
25, 2143
24, 2144
25, 2145
25, 2146
25, 2147
25, 2148
24, 2149
24, 2150
25, 2151
24, 2152
25, 2153
24, 2154
25, 2155
25, 2156
24, 2157
25, 2158
25, 2159
24, 2160
25, 2161
25, 2162
25, 2163
25, 2164
25, 2165
25, 2166
25, 2167
25, 2168
24, 2169
25, 2170
25, 2171
24, 2172
25, 2173
25, 2174
25, 2175
25, 2176
24, 2177
24, 2178
25, 2179
25, 2180
25, 2181
25, 2182
25, 2183
25, 2184
24, 2185
25, 2186
24, 2187
25, 2188
25, 2189
25, 2190
25, 2191
25, 2192
25, 2193
25, 2194
25, 2195
25, 2196
24, 2197
24, 2198
25, 2199
24, 2200
25, 2201
24, 2202
25, 2203
25, 2204
24, 2205
25, 2206
25, 2207
25, 2208
24, 2209
24, 2210
25, 2211
25, 2212
25, 2213
25, 2214
25, 2215
25, 2216
25, 2217
25, 2218
24, 2219
25, 2220
25, 2221
25, 2222
25, 2223
25, 2224
25, 2225
25, 2226
25, 2227
24, 2228
24, 2229
25, 2230
25, 2231
25, 2232
25, 2233
25, 2234
25, 2235
24, 2236
24, 2237
24, 2238
25, 2239
25, 2240
25, 2241
25, 2242
25, 2243
25, 2244
24, 2245
24, 2246
25, 2247
25, 2248
25, 2249
25, 2250
25, 2251
25, 2252
25, 2253
25, 2254
25, 2255
26, 2256
25, 2257
25, 2258
25, 2259
25, 2260
25, 2261
25, 2262
25, 2263
25, 2264
24, 2265
25, 2266
25, 2267
25, 2268
25, 2269
25, 2270
24, 2271
25, 2272
25, 2273
25, 2274
25, 2275
25, 2276
25, 2277
25, 2278
25, 2279
25, 2280
25, 2281
25, 2282
25, 2283
26, 2284
25, 2285
25, 2286
24, 2287
25, 2288
25, 2289
25, 2290
25, 2291
25, 2292
25, 2293
25, 2294
25, 2295
24, 2296
25, 2297
25, 2298
25, 2299
24, 2300
25, 2301
25, 2302
25, 2303
25, 2304
25, 2305
25, 2306
25, 2307
25, 2308
25, 2309
25, 2310
26, 2311
25, 2312
25, 2313
26, 2314
25, 2315
26, 2316
25, 2317
26, 2318
25, 2319
25, 2320
25, 2321
25, 2322
25, 2323
25, 2324
25, 2325
26, 2326
25, 2327
25, 2328
25, 2329
25, 2330
26, 2331
25, 2332
25, 2333
25, 2334
25, 2335
25, 2336
25, 2337
25, 2338
25, 2339
25, 2340
25, 2341
24, 2342
25, 2343
25, 2344
25, 2345
25, 2346
25, 2347
25, 2348
25, 2349
25, 2350
25, 2351
25, 2352
25, 2353
25, 2354
25, 2355
25, 2356
25, 2357
26, 2358
25, 2359
25, 2360
25, 2361
25, 2362
25, 2363
26, 2364
25, 2365
25, 2366
25, 2367
25, 2368
25, 2369
25, 2370
25, 2371
25, 2372
25, 2373
25, 2374
25, 2375
25, 2376
25, 2377
25, 2378
25, 2379
26, 2380
25, 2381
25, 2382
25, 2383
25, 2384
25, 2385
25, 2386
25, 2387
25, 2388
25, 2389
25, 2390
25, 2391
25, 2392
25, 2393
25, 2394
25, 2395
25, 2396
25, 2397
26, 2398
25, 2399
25, 2400
25, 2401
25, 2402
25, 2403
25, 2404
25, 2405
26, 2406
26, 2407
25, 2408
25, 2409
25, 2410
24, 2411
26, 2412
25, 2413
25, 2414
25, 2415
25, 2416
25, 2417
25, 2418
25, 2419
25, 2420
26, 2421
24, 2422
25, 2423
25, 2424
25, 2425
25, 2426
25, 2427
25, 2428
25, 2429
25, 2430
25, 2431
25, 2432
25, 2433
26, 2434
26, 2435
25, 2436
25, 2437
25, 2438
25, 2439
25, 2440
25, 2441
25, 2442
25, 2443
25, 2444
25, 2445
25, 2446
25, 2447
25, 2448
25, 2449
25, 2450
25, 2451
25, 2452
25, 2453
25, 2454
25, 2455
26, 2456
25, 2457
25, 2458
25, 2459
25, 2460
25, 2461
25, 2462
25, 2463
25, 2464
25, 2465
26, 2466
26, 2467
25, 2468
25, 2469
25, 2470
25, 2471
25, 2472
26, 2473
25, 2474
26, 2475
25, 2476
25, 2477
25, 2478
25, 2479
26, 2480
25, 2481
26, 2482
25, 2483
26, 2484
26, 2485
25, 2486
25, 2487
25, 2488
25, 2489
25, 2490
25, 2491
25, 2492
25, 2493
25, 2494
25, 2495
25, 2496
25, 2497
25, 2498
25, 2499
25, 2500
25, 2501
26, 2502
25, 2503
25, 2504
24, 2505
25, 2506
25, 2507
26, 2508
25, 2509
25, 2510
25, 2511
25, 2512
25, 2513
25, 2514
25, 2515
25, 2516
25, 2517
25, 2518
25, 2519
26, 2520
25, 2521
25, 2522
25, 2523
25, 2524
26, 2525
25, 2526
25, 2527
26, 2528
25, 2529
25, 2530
25, 2531
26, 2532
26, 2533
25, 2534
25, 2535
26, 2536
25, 2537
25, 2538
25, 2539
25, 2540
25, 2541
25, 2542
25, 2543
25, 2544
25, 2545
26, 2546
26, 2547
25, 2548
25, 2549
25, 2550
26, 2551
26, 2552
25, 2553
25, 2554
25, 2555
25, 2556
26, 2557
26, 2558
25, 2559
25, 2560
25, 2561
25, 2562
25, 2563
25, 2564
25, 2565
25, 2566
25, 2567
25, 2568
25, 2569
26, 2570
26, 2571
25, 2572
25, 2573
26, 2574
25, 2575
25, 2576
26, 2577
26, 2578
25, 2579
26, 2580
25, 2581
25, 2582
25, 2583
26, 2584
25, 2585
25, 2586
26, 2587
25, 2588
25, 2589
26, 2590
25, 2591
25, 2592
25, 2593
25, 2594
26, 2595
25, 2596
25, 2597
25, 2598
26, 2599
26, 2600
25, 2601
26, 2602
25, 2603
26, 2604
26, 2605
25, 2606
26, 2607
25, 2608
25, 2609
26, 2610
26, 2611
26, 2612
25, 2613
25, 2614
25, 2615
25, 2616
25, 2617
25, 2618
26, 2619
26, 2620
26, 2621
26, 2622
25, 2623
26, 2624
26, 2625
26, 2626
26, 2627
26, 2628
26, 2629
26, 2630
25, 2631
26, 2632
25, 2633
25, 2634
26, 2635
26, 2636
26, 2637
26, 2638
26, 2639
26, 2640
26, 2641
26, 2642
25, 2643
26, 2644
26, 2645
25, 2646
25, 2647
26, 2648
25, 2649
25, 2650
25, 2651
25, 2652
26, 2653
25, 2654
26, 2655
26, 2656
26, 2657
26, 2658
25, 2659
25, 2660
26, 2661
26, 2662
26, 2663
26, 2664
26, 2665
26, 2666
26, 2667
25, 2668
26, 2669
25, 2670
26, 2671
26, 2672
26, 2673
25, 2674
25, 2675
26, 2676
26, 2677
26, 2678
25, 2679
25, 2680
26, 2681
26, 2682
26, 2683
26, 2684
26, 2685
25, 2686
25, 2687
25, 2688
26, 2689
25, 2690
25, 2691
26, 2692
25, 2693
26, 2694
26, 2695
26, 2696
25, 2697
26, 2698
25, 2699
25, 2700
26, 2701
26, 2702
25, 2703
25, 2704
26, 2705
26, 2706
25, 2707
26, 2708
25, 2709
25, 2710
26, 2711
26, 2712
26, 2713
26, 2714
25, 2715
25, 2716
26, 2717
26, 2718
26, 2719
26, 2720
26, 2721
25, 2722
25, 2723
25, 2724
26, 2725
25, 2726
25, 2727
25, 2728
25, 2729
25, 2730
26, 2731
26, 2732
25, 2733
25, 2734
26, 2735
26, 2736
25, 2737
25, 2738
26, 2739
26, 2740
26, 2741
26, 2742
26, 2743
26, 2744
25, 2745
25, 2746
25, 2747
26, 2748
26, 2749
25, 2750
26, 2751
26, 2752
26, 2753
26, 2754
26, 2755
26, 2756
25, 2757
26, 2758
26, 2759
26, 2760
26, 2761
26, 2762
26, 2763
26, 2764
26, 2765
25, 2766
26, 2767
25, 2768
26, 2769
26, 2770
25, 2771
26, 2772
25, 2773
26, 2774
25, 2775
26, 2776
26, 2777
25, 2778
25, 2779
26, 2780
26, 2781
26, 2782
26, 2783
25, 2784
26, 2785
26, 2786
26, 2787
26, 2788
26, 2789
26, 2790
26, 2791
25, 2792
26, 2793
26, 2794
25, 2795
26, 2796
26, 2797
25, 2798
26, 2799
25, 2800
26, 2801
26, 2802
26, 2803
25, 2804
26, 2805
25, 2806
26, 2807
26, 2808
25, 2809
26, 2810
26, 2811
26, 2812
26, 2813
26, 2814
26, 2815
25, 2816
26, 2817
26, 2818
26, 2819
26, 2820
26, 2821
26, 2822
26, 2823
26, 2824
26, 2825
26, 2826
26, 2827
26, 2828
26, 2829
26, 2830
26, 2831
26, 2832
26, 2833
26, 2834
26, 2835
26, 2836
26, 2837
26, 2838
26, 2839
26, 2840
26, 2841
26, 2842
26, 2843
26, 2844
26, 2845
26, 2846
25, 2847
26, 2848
26, 2849
26, 2850
26, 2851
26, 2852
26, 2853
25, 2854
26, 2855
26, 2856
25, 2857
26, 2858
26, 2859
26, 2860
26, 2861
26, 2862
26, 2863
26, 2864
26, 2865
26, 2866
26, 2867
25, 2868
26, 2869
26, 2870
26, 2871
26, 2872
26, 2873
26, 2874
26, 2875
26, 2876
26, 2877
26, 2878
26, 2879
26, 2880
26, 2881
25, 2882
26, 2883
26, 2884
26, 2885
26, 2886
26, 2887
26, 2888
26, 2889
26, 2890
26, 2891
25, 2892
26, 2893
25, 2894
26, 2895
26, 2896
26, 2897
26, 2898
26, 2899
26, 2900
25, 2901
27, 2902
26, 2903
26, 2904
26, 2905
26, 2906
26, 2907
26, 2908
26, 2909
26, 2910
26, 2911
26, 2912
26, 2913
26, 2914
26, 2915
26, 2916
26, 2917
26, 2918
26, 2919
26, 2920
26, 2921
26, 2922
26, 2923
26, 2924
26, 2925
26, 2926
27, 2927
25, 2928
26, 2929
26, 2930
27, 2931
26, 2932
26, 2933
26, 2934
26, 2935
26, 2936
26, 2937
26, 2938
26, 2939
26, 2940
26, 2941
26, 2942
26, 2943
26, 2944
26, 2945
26, 2946
26, 2947
26, 2948
26, 2949
26, 2950
26, 2951
26, 2952
27, 2953
26, 2954
26, 2955
26, 2956
26, 2957
26, 2958
26, 2959
26, 2960
26, 2961
26, 2962
26, 2963
26, 2964
26, 2965
26, 2966
26, 2967
26, 2968
26, 2969
26, 2970
26, 2971
27, 2972
26, 2973
26, 2974
26, 2975
26, 2976
25, 2977
26, 2978
26, 2979
26, 2980
26, 2981
26, 2982
26, 2983
26, 2984
26, 2985
26, 2986
26, 2987
26, 2988
26, 2989
26, 2990
26, 2991
26, 2992
26, 2993
26, 2994
26, 2995
26, 2996
26, 2997
26, 2998
27, 2999
26, 3000
26, 3001
26, 3002
25, 3003
26, 3004
26, 3005
25, 3006
26, 3007
26, 3008
26, 3009
26, 3010
26, 3011
26, 3012
26, 3013
26, 3014
25, 3015
26, 3016
26, 3017
26, 3018
27, 3019
26, 3020
26, 3021
26, 3022
26, 3023
26, 3024
26, 3025
27, 3026
26, 3027
27, 3028
26, 3029
26, 3030
26, 3031
26, 3032
26, 3033
26, 3034
26, 3035
26, 3036
26, 3037
26, 3038
26, 3039
26, 3040
26, 3041
26, 3042
26, 3043
25, 3044
26, 3045
26, 3046
26, 3047
26, 3048
26, 3049
25, 3050
27, 3051
26, 3052
26, 3053
26, 3054
26, 3055
26, 3056
26, 3057
26, 3058
26, 3059
26, 3060
26, 3061
26, 3062
27, 3063
26, 3064
26, 3065
25, 3066
26, 3067
26, 3068
26, 3069
26, 3070
26, 3071
26, 3072
26, 3073
26, 3074
26, 3075
26, 3076
26, 3077
26, 3078
26, 3079
26, 3080
26, 3081
26, 3082
26, 3083
25, 3084
26, 3085
26, 3086
26, 3087
26, 3088
26, 3089
26, 3090
26, 3091
26, 3092
27, 3093
26, 3094
26, 3095
26, 3096
26, 3097
25, 3098
26, 3099
27, 3100
27, 3101
26, 3102
27, 3103
26, 3104
26, 3105
27, 3106
26, 3107
25, 3108
26, 3109
26, 3110
26, 3111
27, 3112
26, 3113
26, 3114
26, 3115
26, 3116
26, 3117
26, 3118
26, 3119
26, 3120
27, 3121
26, 3122
25, 3123
26, 3124
26, 3125
26, 3126
26, 3127
26, 3128
27, 3129
26, 3130
26, 3131
26, 3132
26, 3133
26, 3134
26, 3135
26, 3136
26, 3137
26, 3138
27, 3139
26, 3140
26, 3141
26, 3142
27, 3143
26, 3144
26, 3145
26, 3146
26, 3147
26, 3148
26, 3149
26, 3150
26, 3151
26, 3152
26, 3153
26, 3154
26, 3155
26, 3156
26, 3157
26, 3158
26, 3159
26, 3160
27, 3161
26, 3162
26, 3163
26, 3164
27, 3165
26, 3166
26, 3167
26, 3168
26, 3169
26, 3170
26, 3171
26, 3172
26, 3173
26, 3174
26, 3175
26, 3176
26, 3177
26, 3178
26, 3179
26, 3180
26, 3181
26, 3182
26, 3183
26, 3184
26, 3185
27, 3186
26, 3187
26, 3188
26, 3189
26, 3190
26, 3191
26, 3192
27, 3193
26, 3194
27, 3195
27, 3196
26, 3197
26, 3198
26, 3199
27, 3200
26, 3201
27, 3202
26, 3203
26, 3204
26, 3205
26, 3206
27, 3207
26, 3208
26, 3209
26, 3210
26, 3211
26, 3212
26, 3213
26, 3214
26, 3215
26, 3216
26, 3217
26, 3218
27, 3219
26, 3220
26, 3221
26, 3222
26, 3223
27, 3224
26, 3225
26, 3226
26, 3227
27, 3228
26, 3229
26, 3230
26, 3231
26, 3232
27, 3233
26, 3234
26, 3235
26, 3236
26, 3237
26, 3238
27, 3239
26, 3240
26, 3241
26, 3242
26, 3243
27, 3244
26, 3245
26, 3246
26, 3247
26, 3248
26, 3249
27, 3250
27, 3251
26, 3252
26, 3253
26, 3254
26, 3255
26, 3256
26, 3257
26, 3258
26, 3259
27, 3260
27, 3261
27, 3262
26, 3263
27, 3264
25, 3265
26, 3266
26, 3267
26, 3268
26, 3269
26, 3270
26, 3271
26, 3272
26, 3273
26, 3274
26, 3275
26, 3276
26, 3277
26, 3278
26, 3279
26, 3280
27, 3281
26, 3282
27, 3283
26, 3284
26, 3285
27, 3286
27, 3287
26, 3288
26, 3289
26, 3290
26, 3291
26, 3292
26, 3293
27, 3294
26, 3295
27, 3296
27, 3297
26, 3298
26, 3299
26, 3300
27, 3301
26, 3302
26, 3303
26, 3304
27, 3305
26, 3306
26, 3307
26, 3308
26, 3309
27, 3310
26, 3311
27, 3312
27, 3313
27, 3314
26, 3315
27, 3316
26, 3317
27, 3318
27, 3319
26, 3320
27, 3321
26, 3322
27, 3323
27, 3324
26, 3325
27, 3326
27, 3327
26, 3328
26, 3329
26, 3330
27, 3331
26, 3332
27, 3333
27, 3334
27, 3335
27, 3336
27, 3337
27, 3338
27, 3339
26, 3340
26, 3341
27, 3342
26, 3343
26, 3344
27, 3345
26, 3346
27, 3347
27, 3348
26, 3349
26, 3350
26, 3351
26, 3352
27, 3353
26, 3354
26, 3355
26, 3356
27, 3357
26, 3358
27, 3359
27, 3360
27, 3361
27, 3362
27, 3363
27, 3364
26, 3365
27, 3366
26, 3367
26, 3368
26, 3369
26, 3370
27, 3371
26, 3372
26, 3373
26, 3374
26, 3375
27, 3376
27, 3377
26, 3378
26, 3379
26, 3380
26, 3381
26, 3382
26, 3383
26, 3384
26, 3385
27, 3386
27, 3387
26, 3388
26, 3389
26, 3390
26, 3391
27, 3392
27, 3393
27, 3394
27, 3395
27, 3396
26, 3397
27, 3398
26, 3399
26, 3400
27, 3401
26, 3402
26, 3403
26, 3404
27, 3405
27, 3406
27, 3407
26, 3408
26, 3409
26, 3410
26, 3411
27, 3412
27, 3413
27, 3414
27, 3415
27, 3416
26, 3417
26, 3418
26, 3419
26, 3420
26, 3421
27, 3422
27, 3423
27, 3424
27, 3425
27, 3426
27, 3427
26, 3428
26, 3429
26, 3430
26, 3431
27, 3432
27, 3433
26, 3434
26, 3435
27, 3436
26, 3437
26, 3438
26, 3439
27, 3440
26, 3441
27, 3442
27, 3443
26, 3444
27, 3445
26, 3446
27, 3447
26, 3448
27, 3449
27, 3450
26, 3451
27, 3452
27, 3453
26, 3454
26, 3455
27, 3456
26, 3457
27, 3458
26, 3459
27, 3460
26, 3461
26, 3462
26, 3463
26, 3464
27, 3465
26, 3466
26, 3467
26, 3468
26, 3469
27, 3470
26, 3471
27, 3472
26, 3473
27, 3474
28, 3475
27, 3476
27, 3477
27, 3478
26, 3479
26, 3480
26, 3481
26, 3482
27, 3483
27, 3484
26, 3485
27, 3486
26, 3487
26, 3488
26, 3489
27, 3490
27, 3491
27, 3492
27, 3493
27, 3494
27, 3495
27, 3496
27, 3497
27, 3498
27, 3499
27, 3500
26, 3501
27, 3502
26, 3503
26, 3504
27, 3505
27, 3506
27, 3507
27, 3508
26, 3509
27, 3510
27, 3511
27, 3512
27, 3513
26, 3514
27, 3515
26, 3516
27, 3517
26, 3518
27, 3519
26, 3520
27, 3521
27, 3522
27, 3523
27, 3524
26, 3525
26, 3526
27, 3527
27, 3528
27, 3529
27, 3530
27, 3531
27, 3532
27, 3533
27, 3534
27, 3535
27, 3536
27, 3537
27, 3538
27, 3539
27, 3540
26, 3541
27, 3542
27, 3543
27, 3544
27, 3545
27, 3546
27, 3547
27, 3548
27, 3549
27, 3550
27, 3551
26, 3552
27, 3553
27, 3554
27, 3555
26, 3556
26, 3557
27, 3558
27, 3559
27, 3560
26, 3561
26, 3562
27, 3563
26, 3564
28, 3565
26, 3566
27, 3567
27, 3568
27, 3569
26, 3570
27, 3571
26, 3572
27, 3573
27, 3574
27, 3575
26, 3576
26, 3577
26, 3578
27, 3579
27, 3580
27, 3581
26, 3582
27, 3583
27, 3584
27, 3585
27, 3586
27, 3587
27, 3588
27, 3589
27, 3590
27, 3591
27, 3592
27, 3593
26, 3594
27, 3595
27, 3596
27, 3597
26, 3598
27, 3599
27, 3600
27, 3601
27, 3602
27, 3603
27, 3604
27, 3605
26, 3606
27, 3607
26, 3608
26, 3609
26, 3610
27, 3611
27, 3612
27, 3613
26, 3614
26, 3615
27, 3616
27, 3617
27, 3618
27, 3619
27, 3620
27, 3621
27, 3622
27, 3623
27, 3624
27, 3625
27, 3626
27, 3627
27, 3628
27, 3629
27, 3630
26, 3631
27, 3632
27, 3633
27, 3634
27, 3635
27, 3636
27, 3637
26, 3638
27, 3639
27, 3640
26, 3641
27, 3642
27, 3643
27, 3644
27, 3645
27, 3646
27, 3647
27, 3648
26, 3649
27, 3650
27, 3651
26, 3652
27, 3653
27, 3654
27, 3655
27, 3656
27, 3657
27, 3658
27, 3659
27, 3660
27, 3661
27, 3662
27, 3663
27, 3664
28, 3665
27, 3666
27, 3667
27, 3668
26, 3669
27, 3670
27, 3671
26, 3672
27, 3673
27, 3674
27, 3675
27, 3676
27, 3677
27, 3678
27, 3679
27, 3680
27, 3681
27, 3682
26, 3683
27, 3684
28, 3685
27, 3686
26, 3687
27, 3688
27, 3689
27, 3690
26, 3691
27, 3692
27, 3693
27, 3694
27, 3695
27, 3696
27, 3697
27, 3698
27, 3699
27, 3700
28, 3701
26, 3702
26, 3703
26, 3704
27, 3705
27, 3706
27, 3707
27, 3708
27, 3709
27, 3710
27, 3711
26, 3712
27, 3713
26, 3714
27, 3715
27, 3716
27, 3717
27, 3718
27, 3719
28, 3720
27, 3721
27, 3722
27, 3723
27, 3724
26, 3725
26, 3726
27, 3727
27, 3728
27, 3729
27, 3730
27, 3731
27, 3732
27, 3733
27, 3734
27, 3735
27, 3736
27, 3737
27, 3738
27, 3739
27, 3740
27, 3741
27, 3742
27, 3743
27, 3744
27, 3745
27, 3746
27, 3747
27, 3748
27, 3749
27, 3750
27, 3751
28, 3752
27, 3753
27, 3754
27, 3755
27, 3756
27, 3757
27, 3758
27, 3759
27, 3760
27, 3761
27, 3762
27, 3763
28, 3764
27, 3765
26, 3766
27, 3767
27, 3768
27, 3769
27, 3770
27, 3771
27, 3772
27, 3773
27, 3774
27, 3775
27, 3776
27, 3777
26, 3778
27, 3779
27, 3780
27, 3781
27, 3782
27, 3783
27, 3784
27, 3785
27, 3786
27, 3787
27, 3788
27, 3789
27, 3790
27, 3791
27, 3792
27, 3793
27, 3794
27, 3795
27, 3796
27, 3797
27, 3798
27, 3799
27, 3800
27, 3801
27, 3802
27, 3803
27, 3804
27, 3805
27, 3806
27, 3807
27, 3808
27, 3809
27, 3810
27, 3811
27, 3812
27, 3813
27, 3814
27, 3815
27, 3816
27, 3817
27, 3818
27, 3819
27, 3820
27, 3821
27, 3822
26, 3823
27, 3824
27, 3825
27, 3826
27, 3827
26, 3828
27, 3829
27, 3830
27, 3831
27, 3832
27, 3833
27, 3834
27, 3835
27, 3836
27, 3837
26, 3838
27, 3839
27, 3840
27, 3841
27, 3842
27, 3843
27, 3844
28, 3845
27, 3846
27, 3847
27, 3848
27, 3849
27, 3850
27, 3851
27, 3852
27, 3853
27, 3854
27, 3855
27, 3856
27, 3857
27, 3858
27, 3859
28, 3860
27, 3861
27, 3862
27, 3863
27, 3864
26, 3865
27, 3866
28, 3867
27, 3868
27, 3869
27, 3870
27, 3871
27, 3872
27, 3873
27, 3874
27, 3875
27, 3876
27, 3877
27, 3878
27, 3879
27, 3880
26, 3881
27, 3882
28, 3883
28, 3884
27, 3885
27, 3886
27, 3887
28, 3888
28, 3889
27, 3890
27, 3891
27, 3892
27, 3893
27, 3894
27, 3895
27, 3896
27, 3897
27, 3898
27, 3899
27, 3900
27, 3901
28, 3902
27, 3903
27, 3904
27, 3905
27, 3906
27, 3907
27, 3908
27, 3909
27, 3910
27, 3911
27, 3912
27, 3913
27, 3914
28, 3915
27, 3916
27, 3917
27, 3918
27, 3919
28, 3920
27, 3921
27, 3922
27, 3923
27, 3924
27, 3925
27, 3926
27, 3927
27, 3928
27, 3929
27, 3930
27, 3931
27, 3932
27, 3933
26, 3934
28, 3935
27, 3936
27, 3937
27, 3938
27, 3939
27, 3940
27, 3941
27, 3942
27, 3943
27, 3944
27, 3945
27, 3946
27, 3947
27, 3948
27, 3949
28, 3950
27, 3951
27, 3952
26, 3953
27, 3954
27, 3955
27, 3956
27, 3957
27, 3958
27, 3959
27, 3960
27, 3961
27, 3962
27, 3963
27, 3964
27, 3965
27, 3966
27, 3967
27, 3968
28, 3969
27, 3970
27, 3971
27, 3972
27, 3973
27, 3974
27, 3975
27, 3976
28, 3977
27, 3978
27, 3979
27, 3980
27, 3981
27, 3982
27, 3983
27, 3984
27, 3985
27, 3986
28, 3987
27, 3988
27, 3989
27, 3990
27, 3991
27, 3992
27, 3993
27, 3994
27, 3995
27, 3996
27, 3997
28, 3998
27, 3999
26, 4000
27, 4001
27, 4002
27, 4003
27, 4004
27, 4005
27, 4006
27, 4007
27, 4008
27, 4009
26, 4010
28, 4011
27, 4012
27, 4013
27, 4014
27, 4015
27, 4016
27, 4017
27, 4018
27, 4019
27, 4020
27, 4021
27, 4022
27, 4023
27, 4024
27, 4025
28, 4026
27, 4027
27, 4028
27, 4029
27, 4030
27, 4031
27, 4032
27, 4033
27, 4034
27, 4035
28, 4036
27, 4037
27, 4038
28, 4039
27, 4040
28, 4041
27, 4042
27, 4043
27, 4044
28, 4045
27, 4046
28, 4047
27, 4048
27, 4049
27, 4050
27, 4051
27, 4052
28, 4053
28, 4054
27, 4055
28, 4056
27, 4057
28, 4058
27, 4059
27, 4060
27, 4061
27, 4062
27, 4063
28, 4064
27, 4065
27, 4066
28, 4067
27, 4068
27, 4069
27, 4070
27, 4071
27, 4072
27, 4073
28, 4074
28, 4075
28, 4076
27, 4077
27, 4078
28, 4079
27, 4080
27, 4081
27, 4082
27, 4083
27, 4084
27, 4085
27, 4086
27, 4087
27, 4088
27, 4089
27, 4090
27, 4091
27, 4092
27, 4093
27, 4094
27, 4095
27, 4096
28, 4097
27, 4098
27, 4099
28, 4100
27, 4101
28, 4102
28, 4103
27, 4104
27, 4105
27, 4106
27, 4107
27, 4108
27, 4109
27, 4110
27, 4111
27, 4112
27, 4113
27, 4114
27, 4115
27, 4116
28, 4117
27, 4118
28, 4119
27, 4120
28, 4121
27, 4122
28, 4123
27, 4124
27, 4125
27, 4126
27, 4127
27, 4128
28, 4129
28, 4130
27, 4131
27, 4132
27, 4133
27, 4134
27, 4135
27, 4136
28, 4137
27, 4138
28, 4139
28, 4140
27, 4141
27, 4142
27, 4143
27, 4144
28, 4145
27, 4146
28, 4147
27, 4148
27, 4149
27, 4150
28, 4151
28, 4152
27, 4153
27, 4154
28, 4155
27, 4156
28, 4157
28, 4158
28, 4159
27, 4160
28, 4161
27, 4162
27, 4163
27, 4164
27, 4165
28, 4166
27, 4167
28, 4168
28, 4169
27, 4170
27, 4171
28, 4172
27, 4173
27, 4174
28, 4175
28, 4176
27, 4177
27, 4178
27, 4179
27, 4180
27, 4181
28, 4182
27, 4183
27, 4184
28, 4185
27, 4186
27, 4187
28, 4188
27, 4189
27, 4190
27, 4191
27, 4192
27, 4193
27, 4194
28, 4195
27, 4196
28, 4197
28, 4198
27, 4199
28, 4200
27, 4201
27, 4202
28, 4203
28, 4204
27, 4205
27, 4206
28, 4207
27, 4208
27, 4209
27, 4210
27, 4211
27, 4212
27, 4213
27, 4214
27, 4215
27, 4216
28, 4217
27, 4218
28, 4219
28, 4220
27, 4221
27, 4222
27, 4223
27, 4224
27, 4225
27, 4226
27, 4227
27, 4228
28, 4229
28, 4230
28, 4231
27, 4232
27, 4233
27, 4234
28, 4235
27, 4236
27, 4237
27, 4238
28, 4239
27, 4240
27, 4241
28, 4242
27, 4243
27, 4244
27, 4245
28, 4246
28, 4247
27, 4248
28, 4249
28, 4250
27, 4251
28, 4252
28, 4253
27, 4254
27, 4255
27, 4256
27, 4257
27, 4258
27, 4259
27, 4260
27, 4261
28, 4262
28, 4263
27, 4264
27, 4265
28, 4266
27, 4267
28, 4268
28, 4269
28, 4270
27, 4271
28, 4272
28, 4273
27, 4274
28, 4275
28, 4276
27, 4277
28, 4278
28, 4279
27, 4280
28, 4281
28, 4282
28, 4283
27, 4284
28, 4285
27, 4286
27, 4287
28, 4288
28, 4289
27, 4290
27, 4291
27, 4292
27, 4293
28, 4294
28, 4295
27, 4296
28, 4297
28, 4298
28, 4299
28, 4300
28, 4301
27, 4302
28, 4303
28, 4304
28, 4305
27, 4306
27, 4307
27, 4308
28, 4309
27, 4310
28, 4311
27, 4312
27, 4313
28, 4314
28, 4315
28, 4316
28, 4317
28, 4318
28, 4319
28, 4320
28, 4321
27, 4322
27, 4323
27, 4324
28, 4325
28, 4326
28, 4327
27, 4328
28, 4329
28, 4330
27, 4331
27, 4332
28, 4333
28, 4334
28, 4335
27, 4336
28, 4337
27, 4338
28, 4339
27, 4340
28, 4341
28, 4342
27, 4343
28, 4344
28, 4345
27, 4346
28, 4347
27, 4348
27, 4349
27, 4350
28, 4351
28, 4352
27, 4353
28, 4354
28, 4355
27, 4356
27, 4357
28, 4358
27, 4359
28, 4360
27, 4361
27, 4362
28, 4363
27, 4364
28, 4365
28, 4366
27, 4367
28, 4368
27, 4369
28, 4370
27, 4371
27, 4372
27, 4373
27, 4374
27, 4375
28, 4376
28, 4377
27, 4378
27, 4379
27, 4380
27, 4381
28, 4382
27, 4383
28, 4384
27, 4385
28, 4386
27, 4387
28, 4388
27, 4389
27, 4390
27, 4391
27, 4392
28, 4393
27, 4394
28, 4395
27, 4396
27, 4397
28, 4398
27, 4399
28, 4400
27, 4401
27, 4402
28, 4403
27, 4404
27, 4405
28, 4406
27, 4407
28, 4408
28, 4409
27, 4410
27, 4411
28, 4412
27, 4413
28, 4414
28, 4415
28, 4416
27, 4417
28, 4418
28, 4419
28, 4420
27, 4421
27, 4422
28, 4423
27, 4424
27, 4425
27, 4426
27, 4427
27, 4428
28, 4429
27, 4430
28, 4431
27, 4432
27, 4433
27, 4434
27, 4435
28, 4436
27, 4437
27, 4438
27, 4439
28, 4440
28, 4441
27, 4442
28, 4443
28, 4444
27, 4445
28, 4446
27, 4447
28, 4448
28, 4449
28, 4450
28, 4451
27, 4452
27, 4453
29, 4454
27, 4455
28, 4456
28, 4457
28, 4458
27, 4459
28, 4460
28, 4461
28, 4462
28, 4463
28, 4464
28, 4465
27, 4466
28, 4467
28, 4468
27, 4469
28, 4470
28, 4471
28, 4472
27, 4473
28, 4474
27, 4475
28, 4476
28, 4477
27, 4478
28, 4479
28, 4480
28, 4481
27, 4482
28, 4483
28, 4484
27, 4485
28, 4486
28, 4487
27, 4488
28, 4489
28, 4490
28, 4491
27, 4492
28, 4493
28, 4494
28, 4495
27, 4496
28, 4497
28, 4498
27, 4499
28, 4500
28, 4501
27, 4502
28, 4503
27, 4504
28, 4505
28, 4506
28, 4507
28, 4508
28, 4509
28, 4510
27, 4511
27, 4512
28, 4513
28, 4514
28, 4515
28, 4516
28, 4517
27, 4518
28, 4519
28, 4520
27, 4521
28, 4522
28, 4523
27, 4524
28, 4525
28, 4526
27, 4527
27, 4528
27, 4529
28, 4530
27, 4531
28, 4532
28, 4533
28, 4534
28, 4535
28, 4536
28, 4537
28, 4538
27, 4539
28, 4540
28, 4541
28, 4542
28, 4543
28, 4544
28, 4545
28, 4546
28, 4547
28, 4548
27, 4549
28, 4550
28, 4551
27, 4552
27, 4553
27, 4554
27, 4555
27, 4556
28, 4557
27, 4558
28, 4559
28, 4560
27, 4561
28, 4562
27, 4563
27, 4564
27, 4565
28, 4566
27, 4567
27, 4568
28, 4569
28, 4570
28, 4571
27, 4572
28, 4573
28, 4574
28, 4575
28, 4576
28, 4577
28, 4578
28, 4579
28, 4580
28, 4581
28, 4582
28, 4583
28, 4584
27, 4585
28, 4586
28, 4587
27, 4588
28, 4589
27, 4590
28, 4591
28, 4592
28, 4593
28, 4594
28, 4595
28, 4596
28, 4597
28, 4598
28, 4599
28, 4600
28, 4601
28, 4602
28, 4603
28, 4604
28, 4605
28, 4606
28, 4607
28, 4608
27, 4609
27, 4610
28, 4611
28, 4612
28, 4613
28, 4614
28, 4615
28, 4616
28, 4617
28, 4618
28, 4619
27, 4620
27, 4621
27, 4622
28, 4623
28, 4624
28, 4625
28, 4626
27, 4627
28, 4628
28, 4629
28, 4630
28, 4631
28, 4632
28, 4633
28, 4634
28, 4635
28, 4636
28, 4637
28, 4638
27, 4639
28, 4640
28, 4641
28, 4642
28, 4643
28, 4644
27, 4645
28, 4646
27, 4647
28, 4648
28, 4649
28, 4650
28, 4651
28, 4652
28, 4653
28, 4654
28, 4655
28, 4656
27, 4657
28, 4658
28, 4659
28, 4660
28, 4661
28, 4662
28, 4663
28, 4664
28, 4665
28, 4666
28, 4667
27, 4668
28, 4669
27, 4670
28, 4671
28, 4672
28, 4673
28, 4674
27, 4675
28, 4676
28, 4677
28, 4678
28, 4679
28, 4680
28, 4681
27, 4682
27, 4683
28, 4684
29, 4685
28, 4686
28, 4687
27, 4688
27, 4689
28, 4690
28, 4691
28, 4692
28, 4693
28, 4694
28, 4695
28, 4696
28, 4697
27, 4698
27, 4699
27, 4700
28, 4701
28, 4702
28, 4703
28, 4704
28, 4705
28, 4706
28, 4707
28, 4708
28, 4709
27, 4710
28, 4711
27, 4712
28, 4713
28, 4714
28, 4715
28, 4716
28, 4717
28, 4718
28, 4719
28, 4720
28, 4721
28, 4722
27, 4723
28, 4724
28, 4725
28, 4726
28, 4727
28, 4728
27, 4729
28, 4730
28, 4731
28, 4732
28, 4733
27, 4734
27, 4735
28, 4736
27, 4737
28, 4738
29, 4739
28, 4740
28, 4741
28, 4742
28, 4743
28, 4744
28, 4745
28, 4746
28, 4747
27, 4748
28, 4749
28, 4750
28, 4751
28, 4752
28, 4753
28, 4754
28, 4755
28, 4756
28, 4757
28, 4758
28, 4759
28, 4760
27, 4761
28, 4762
28, 4763
28, 4764
28, 4765
28, 4766
28, 4767
28, 4768
28, 4769
28, 4770
28, 4771
27, 4772
28, 4773
28, 4774
28, 4775
28, 4776
28, 4777
28, 4778
28, 4779
28, 4780
27, 4781
28, 4782
28, 4783
28, 4784
28, 4785
28, 4786
28, 4787
28, 4788
28, 4789
28, 4790
28, 4791
28, 4792
28, 4793
28, 4794
28, 4795
28, 4796
28, 4797
28, 4798
28, 4799
28, 4800
28, 4801
29, 4802
29, 4803
28, 4804
28, 4805
28, 4806
28, 4807
28, 4808
28, 4809
28, 4810
28, 4811
28, 4812
28, 4813
28, 4814
28, 4815
28, 4816
28, 4817
28, 4818
28, 4819
28, 4820
28, 4821
28, 4822
28, 4823
28, 4824
28, 4825
28, 4826
28, 4827
28, 4828
28, 4829
28, 4830
28, 4831
28, 4832
28, 4833
28, 4834
28, 4835
28, 4836
28, 4837
28, 4838
28, 4839
28, 4840
28, 4841
28, 4842
28, 4843
28, 4844
28, 4845
27, 4846
28, 4847
28, 4848
28, 4849
28, 4850
28, 4851
28, 4852
27, 4853
28, 4854
28, 4855
28, 4856
28, 4857
28, 4858
27, 4859
27, 4860
28, 4861
28, 4862
27, 4863
28, 4864
28, 4865
28, 4866
28, 4867
28, 4868
28, 4869
27, 4870
28, 4871
27, 4872
28, 4873
28, 4874
28, 4875
28, 4876
28, 4877
28, 4878
28, 4879
28, 4880
28, 4881
28, 4882
28, 4883
28, 4884
28, 4885
29, 4886
28, 4887
28, 4888
28, 4889
28, 4890
28, 4891
28, 4892
27, 4893
28, 4894
28, 4895
28, 4896
28, 4897
28, 4898
28, 4899
28, 4900
28, 4901
28, 4902
28, 4903
28, 4904
28, 4905
28, 4906
28, 4907
28, 4908
28, 4909
28, 4910
28, 4911
28, 4912
28, 4913
28, 4914
28, 4915
28, 4916
29, 4917
28, 4918
28, 4919
28, 4920
27, 4921
28, 4922
27, 4923
28, 4924
28, 4925
28, 4926
28, 4927
28, 4928
28, 4929
28, 4930
29, 4931
28, 4932
28, 4933
28, 4934
28, 4935
28, 4936
28, 4937
28, 4938
28, 4939
28, 4940
28, 4941
28, 4942
28, 4943
28, 4944
28, 4945
28, 4946
28, 4947
28, 4948
28, 4949
28, 4950
28, 4951
28, 4952
28, 4953
28, 4954
28, 4955
27, 4956
28, 4957
28, 4958
28, 4959
28, 4960
29, 4961
28, 4962
28, 4963
27, 4964
28, 4965
28, 4966
28, 4967
28, 4968
28, 4969
28, 4970
28, 4971
28, 4972
28, 4973
27, 4974
28, 4975
28, 4976
28, 4977
29, 4978
28, 4979
28, 4980
28, 4981
28, 4982
28, 4983
28, 4984
29, 4985
28, 4986
28, 4987
28, 4988
28, 4989
28, 4990
28, 4991
28, 4992
28, 4993
28, 4994
28, 4995
28, 4996
28, 4997
28, 4998
27, 4999
28, 5000
28, 5001
28, 5002
28, 5003
28, 5004
28, 5005
28, 5006
28, 5007
28, 5008
28, 5009
28, 5010
28, 5011
28, 5012
28, 5013
28, 5014
28, 5015
28, 5016
28, 5017
28, 5018
28, 5019
28, 5020
28, 5021
28, 5022
28, 5023
28, 5024
28, 5025
28, 5026
28, 5027
28, 5028
28, 5029
28, 5030
28, 5031
28, 5032
28, 5033
28, 5034
28, 5035
28, 5036
28, 5037
28, 5038
28, 5039
29, 5040
27, 5041
28, 5042
28, 5043
28, 5044
28, 5045
28, 5046
28, 5047
28, 5048
28, 5049
28, 5050
28, 5051
28, 5052
28, 5053
28, 5054
28, 5055
28, 5056
28, 5057
28, 5058
28, 5059
28, 5060
28, 5061
28, 5062
28, 5063
28, 5064
28, 5065
28, 5066
28, 5067
28, 5068
28, 5069
28, 5070
28, 5071
27, 5072
28, 5073
28, 5074
28, 5075
28, 5076
28, 5077
28, 5078
28, 5079
28, 5080
28, 5081
28, 5082
28, 5083
29, 5084
28, 5085
28, 5086
28, 5087
28, 5088
28, 5089
28, 5090
28, 5091
28, 5092
28, 5093
28, 5094
29, 5095
28, 5096
28, 5097
28, 5098
28, 5099
28, 5100
28, 5101
28, 5102
28, 5103
29, 5104
28, 5105
28, 5106
28, 5107
28, 5108
28, 5109
29, 5110
28, 5111
28, 5112
28, 5113
28, 5114
28, 5115
28, 5116
28, 5117
28, 5118
28, 5119
28, 5120
28, 5121
28, 5122
28, 5123
28, 5124
28, 5125
29, 5126
28, 5127
28, 5128
28, 5129
28, 5130
28, 5131
28, 5132
28, 5133
28, 5134
28, 5135
28, 5136
28, 5137
28, 5138
27, 5139
28, 5140
28, 5141
28, 5142
28, 5143
28, 5144
28, 5145
29, 5146
28, 5147
28, 5148
28, 5149
28, 5150
28, 5151
29, 5152
29, 5153
28, 5154
28, 5155
28, 5156
28, 5157
28, 5158
28, 5159
27, 5160
29, 5161
28, 5162
28, 5163
28, 5164
28, 5165
29, 5166
29, 5167
28, 5168
29, 5169
27, 5170
28, 5171
28, 5172
28, 5173
28, 5174
28, 5175
28, 5176
28, 5177
29, 5178
28, 5179
28, 5180
28, 5181
28, 5182
28, 5183
28, 5184
28, 5185
28, 5186
28, 5187
28, 5188
29, 5189
28, 5190
28, 5191
29, 5192
28, 5193
28, 5194
28, 5195
28, 5196
28, 5197
28, 5198
28, 5199
28, 5200
28, 5201
28, 5202
27, 5203
28, 5204
28, 5205
28, 5206
28, 5207
28, 5208
28, 5209
28, 5210
28, 5211
28, 5212
28, 5213
29, 5214
28, 5215
28, 5216
28, 5217
28, 5218
28, 5219
28, 5220
28, 5221
28, 5222
28, 5223
28, 5224
28, 5225
28, 5226
28, 5227
28, 5228
28, 5229
29, 5230
28, 5231
28, 5232
29, 5233
28, 5234
28, 5235
28, 5236
28, 5237
28, 5238
28, 5239
28, 5240
28, 5241
28, 5242
28, 5243
28, 5244
28, 5245
28, 5246
29, 5247
28, 5248
28, 5249
28, 5250
29, 5251
28, 5252
28, 5253
28, 5254
28, 5255
29, 5256
28, 5257
28, 5258
28, 5259
28, 5260
28, 5261
28, 5262
28, 5263
29, 5264
28, 5265
28, 5266
29, 5267
28, 5268
28, 5269
28, 5270
28, 5271
28, 5272
28, 5273
28, 5274
28, 5275
28, 5276
28, 5277
28, 5278
29, 5279
29, 5280
29, 5281
28, 5282
28, 5283
28, 5284
28, 5285
28, 5286
28, 5287
28, 5288
28, 5289
29, 5290
28, 5291
29, 5292
28, 5293
29, 5294
28, 5295
28, 5296
28, 5297
29, 5298
28, 5299
28, 5300
28, 5301
28, 5302
29, 5303
29, 5304
28, 5305
28, 5306
28, 5307
28, 5308
29, 5309
28, 5310
28, 5311
27, 5312
28, 5313
28, 5314
28, 5315
28, 5316
28, 5317
28, 5318
29, 5319
29, 5320
28, 5321
28, 5322
28, 5323
28, 5324
29, 5325
28, 5326
29, 5327
28, 5328
29, 5329
29, 5330
28, 5331
29, 5332
28, 5333
29, 5334
28, 5335
29, 5336
28, 5337
29, 5338
28, 5339
28, 5340
28, 5341
28, 5342
28, 5343
29, 5344
28, 5345
28, 5346
28, 5347
29, 5348
28, 5349
28, 5350
29, 5351
28, 5352
29, 5353
28, 5354
28, 5355
29, 5356
28, 5357
28, 5358
28, 5359
28, 5360
28, 5361
29, 5362
28, 5363
28, 5364
28, 5365
29, 5366
28, 5367
28, 5368
28, 5369
29, 5370
29, 5371
28, 5372
28, 5373
28, 5374
28, 5375
29, 5376
29, 5377
28, 5378
29, 5379
29, 5380
28, 5381
28, 5382
29, 5383
28, 5384
28, 5385
28, 5386
28, 5387
29, 5388
28, 5389
28, 5390
28, 5391
28, 5392
29, 5393
28, 5394
28, 5395
29, 5396
28, 5397
28, 5398
28, 5399
28, 5400
28, 5401
28, 5402
28, 5403
28, 5404
28, 5405
29, 5406
29, 5407
29, 5408
28, 5409
28, 5410
29, 5411
28, 5412
28, 5413
29, 5414
28, 5415
28, 5416
28, 5417
29, 5418
28, 5419
28, 5420
28, 5421
28, 5422
29, 5423
28, 5424
28, 5425
29, 5426
28, 5427
28, 5428
29, 5429
28, 5430
28, 5431
29, 5432
28, 5433
28, 5434
29, 5435
29, 5436
29, 5437
28, 5438
28, 5439
29, 5440
29, 5441
28, 5442
28, 5443
29, 5444
28, 5445
28, 5446
29, 5447
28, 5448
29, 5449
28, 5450
28, 5451
29, 5452
28, 5453
28, 5454
28, 5455
28, 5456
29, 5457
29, 5458
29, 5459
28, 5460
28, 5461
28, 5462
29, 5463
29, 5464
28, 5465
28, 5466
28, 5467
28, 5468
29, 5469
28, 5470
29, 5471
29, 5472
29, 5473
28, 5474
29, 5475
29, 5476
28, 5477
29, 5478
29, 5479
28, 5480
29, 5481
28, 5482
28, 5483
28, 5484
29, 5485
29, 5486
29, 5487
28, 5488
29, 5489
29, 5490
29, 5491
29, 5492
28, 5493
28, 5494
28, 5495
29, 5496
29, 5497
28, 5498
29, 5499
29, 5500
29, 5501
28, 5502
29, 5503
29, 5504
28, 5505
28, 5506
29, 5507
28, 5508
28, 5509
29, 5510
29, 5511
28, 5512
29, 5513
29, 5514
29, 5515
28, 5516
28, 5517
29, 5518
28, 5519
29, 5520
28, 5521
28, 5522
28, 5523
28, 5524
29, 5525
28, 5526
29, 5527
28, 5528
28, 5529
29, 5530
28, 5531
29, 5532
28, 5533
28, 5534
28, 5535
28, 5536
28, 5537
28, 5538
29, 5539
29, 5540
28, 5541
28, 5542
29, 5543
29, 5544
28, 5545
28, 5546
29, 5547
28, 5548
28, 5549
29, 5550
29, 5551
29, 5552
28, 5553
28, 5554
28, 5555
28, 5556
28, 5557
28, 5558
29, 5559
28, 5560
28, 5561
29, 5562
28, 5563
29, 5564
29, 5565
29, 5566
29, 5567
29, 5568
29, 5569
29, 5570
29, 5571
29, 5572
29, 5573
29, 5574
28, 5575
29, 5576
29, 5577
28, 5578
28, 5579
29, 5580
28, 5581
28, 5582
28, 5583
29, 5584
28, 5585
28, 5586
29, 5587
28, 5588
28, 5589
29, 5590
28, 5591
28, 5592
29, 5593
29, 5594
29, 5595
28, 5596
29, 5597
28, 5598
28, 5599
28, 5600
29, 5601
28, 5602
28, 5603
28, 5604
28, 5605
28, 5606
29, 5607
28, 5608
29, 5609
29, 5610
28, 5611
28, 5612
29, 5613
29, 5614
29, 5615
28, 5616
28, 5617
29, 5618
28, 5619
29, 5620
29, 5621
29, 5622
28, 5623
28, 5624
29, 5625
29, 5626
28, 5627
28, 5628
29, 5629
29, 5630
29, 5631
28, 5632
29, 5633
29, 5634
29, 5635
29, 5636
28, 5637
28, 5638
28, 5639
28, 5640
29, 5641
28, 5642
28, 5643
29, 5644
28, 5645
29, 5646
29, 5647
29, 5648
29, 5649
29, 5650
29, 5651
28, 5652
28, 5653
28, 5654
29, 5655
28, 5656
28, 5657
29, 5658
29, 5659
28, 5660
29, 5661
29, 5662
28, 5663
29, 5664
28, 5665
29, 5666
28, 5667
29, 5668
28, 5669
28, 5670
29, 5671
29, 5672
29, 5673
29, 5674
29, 5675
29, 5676
28, 5677
29, 5678
29, 5679
28, 5680
29, 5681
28, 5682
29, 5683
28, 5684
28, 5685
29, 5686
29, 5687
28, 5688
29, 5689
28, 5690
29, 5691
29, 5692
28, 5693
29, 5694
29, 5695
29, 5696
29, 5697
29, 5698
29, 5699
29, 5700
28, 5701
29, 5702
28, 5703
28, 5704
28, 5705
28, 5706
28, 5707
29, 5708
29, 5709
29, 5710
29, 5711
28, 5712
28, 5713
28, 5714
28, 5715
28, 5716
29, 5717
29, 5718
28, 5719
29, 5720
28, 5721
29, 5722
29, 5723
28, 5724
28, 5725
28, 5726
29, 5727
28, 5728
28, 5729
28, 5730
29, 5731
29, 5732
28, 5733
29, 5734
29, 5735
29, 5736
29, 5737
29, 5738
29, 5739
29, 5740
28, 5741
28, 5742
29, 5743
29, 5744
29, 5745
29, 5746
28, 5747
28, 5748
29, 5749
29, 5750
28, 5751
29, 5752
28, 5753
29, 5754
29, 5755
29, 5756
28, 5757
29, 5758
28, 5759
28, 5760
29, 5761
29, 5762
29, 5763
29, 5764
29, 5765
29, 5766
28, 5767
30, 5768
28, 5769
29, 5770
29, 5771
29, 5772
28, 5773
29, 5774
28, 5775
29, 5776
29, 5777
29, 5778
29, 5779
29, 5780
29, 5781
28, 5782
28, 5783
29, 5784
29, 5785
28, 5786
29, 5787
29, 5788
29, 5789
29, 5790
28, 5791
29, 5792
29, 5793
29, 5794
28, 5795
29, 5796
29, 5797
29, 5798
28, 5799
29, 5800
28, 5801
29, 5802
28, 5803
29, 5804
28, 5805
29, 5806
29, 5807
29, 5808
28, 5809
28, 5810
28, 5811
28, 5812
28, 5813
29, 5814
29, 5815
29, 5816
29, 5817
29, 5818
29, 5819
28, 5820
29, 5821
29, 5822
28, 5823
29, 5824
28, 5825
29, 5826
29, 5827
29, 5828
29, 5829
29, 5830
28, 5831
29, 5832
28, 5833
29, 5834
28, 5835
29, 5836
29, 5837
29, 5838
29, 5839
28, 5840
29, 5841
29, 5842
29, 5843
28, 5844
28, 5845
29, 5846
29, 5847
29, 5848
28, 5849
29, 5850
28, 5851
29, 5852
28, 5853
29, 5854
29, 5855
29, 5856
29, 5857
29, 5858
29, 5859
28, 5860
29, 5861
29, 5862
29, 5863
28, 5864
29, 5865
29, 5866
29, 5867
29, 5868
29, 5869
28, 5870
28, 5871
29, 5872
29, 5873
28, 5874
29, 5875
29, 5876
29, 5877
28, 5878
28, 5879
29, 5880
29, 5881
29, 5882
29, 5883
29, 5884
29, 5885
28, 5886
29, 5887
29, 5888
28, 5889
28, 5890
29, 5891
28, 5892
28, 5893
29, 5894
29, 5895
28, 5896
29, 5897
29, 5898
29, 5899
29, 5900
28, 5901
29, 5902
29, 5903
29, 5904
29, 5905
28, 5906
29, 5907
29, 5908
29, 5909
28, 5910
28, 5911
29, 5912
29, 5913
29, 5914
29, 5915
29, 5916
28, 5917
29, 5918
29, 5919
28, 5920
28, 5921
28, 5922
29, 5923
29, 5924
28, 5925
29, 5926
29, 5927
29, 5928
28, 5929
29, 5930
29, 5931
29, 5932
28, 5933
29, 5934
29, 5935
29, 5936
28, 5937
29, 5938
29, 5939
29, 5940
29, 5941
28, 5942
29, 5943
29, 5944
29, 5945
29, 5946
29, 5947
29, 5948
29, 5949
29, 5950
29, 5951
28, 5952
29, 5953
29, 5954
28, 5955
29, 5956
29, 5957
29, 5958
29, 5959
29, 5960
29, 5961
29, 5962
28, 5963
29, 5964
29, 5965
29, 5966
29, 5967
28, 5968
29, 5969
29, 5970
29, 5971
29, 5972
29, 5973
29, 5974
29, 5975
29, 5976
29, 5977
29, 5978
29, 5979
29, 5980
29, 5981
28, 5982
28, 5983
29, 5984
29, 5985
28, 5986
28, 5987
29, 5988
29, 5989
29, 5990
29, 5991
28, 5992
29, 5993
29, 5994
29, 5995
29, 5996
29, 5997
29, 5998
29, 5999
29, 6000
29, 6001
29, 6002
29, 6003
29, 6004
29, 6005
29, 6006
29, 6007
29, 6008
28, 6009
29, 6010
29, 6011
29, 6012
29, 6013
29, 6014
29, 6015
29, 6016
29, 6017
29, 6018
29, 6019
29, 6020
29, 6021
29, 6022
29, 6023
29, 6024
29, 6025
29, 6026
29, 6027
28, 6028
29, 6029
28, 6030
28, 6031
29, 6032
29, 6033
28, 6034
28, 6035
29, 6036
28, 6037
28, 6038
29, 6039
29, 6040
29, 6041
29, 6042
29, 6043
29, 6044
29, 6045
29, 6046
28, 6047
29, 6048
29, 6049
29, 6050
29, 6051
28, 6052
28, 6053
29, 6054
29, 6055
29, 6056
29, 6057
29, 6058
29, 6059
29, 6060
29, 6061
28, 6062
29, 6063
29, 6064
29, 6065
29, 6066
29, 6067
29, 6068
29, 6069
29, 6070
29, 6071
28, 6072
29, 6073
29, 6074
29, 6075
28, 6076
29, 6077
29, 6078
29, 6079
29, 6080
29, 6081
29, 6082
29, 6083
28, 6084
29, 6085
29, 6086
29, 6087
29, 6088
29, 6089
29, 6090
29, 6091
29, 6092
29, 6093
29, 6094
28, 6095
29, 6096
29, 6097
28, 6098
30, 6099
29, 6100
29, 6101
29, 6102
28, 6103
29, 6104
29, 6105
29, 6106
29, 6107
29, 6108
29, 6109
29, 6110
29, 6111
29, 6112
29, 6113
29, 6114
29, 6115
29, 6116
29, 6117
29, 6118
29, 6119
28, 6120
29, 6121
30, 6122
29, 6123
29, 6124
28, 6125
29, 6126
29, 6127
29, 6128
29, 6129
29, 6130
29, 6131
29, 6132
29, 6133
29, 6134
29, 6135
29, 6136
29, 6137
29, 6138
29, 6139
29, 6140
29, 6141
29, 6142
29, 6143
29, 6144
29, 6145
29, 6146
29, 6147
29, 6148
29, 6149
29, 6150
29, 6151
28, 6152
29, 6153
29, 6154
29, 6155
30, 6156
30, 6157
29, 6158
29, 6159
29, 6160
29, 6161
29, 6162
29, 6163
29, 6164
28, 6165
29, 6166
29, 6167
28, 6168
29, 6169
29, 6170
28, 6171
29, 6172
29, 6173
29, 6174
29, 6175
29, 6176
28, 6177
29, 6178
29, 6179
29, 6180
29, 6181
29, 6182
29, 6183
29, 6184
29, 6185
28, 6186
29, 6187
29, 6188
30, 6189
29, 6190
29, 6191
29, 6192
28, 6193
29, 6194
29, 6195
29, 6196
29, 6197
29, 6198
29, 6199
29, 6200
29, 6201
29, 6202
29, 6203
29, 6204
29, 6205
28, 6206
29, 6207
29, 6208
29, 6209
29, 6210
29, 6211
29, 6212
29, 6213
29, 6214
29, 6215
29, 6216
29, 6217
29, 6218
29, 6219
29, 6220
29, 6221
29, 6222
29, 6223
29, 6224
29, 6225
29, 6226
29, 6227
29, 6228
29, 6229
29, 6230
29, 6231
29, 6232
29, 6233
29, 6234
29, 6235
29, 6236
29, 6237
29, 6238
29, 6239
29, 6240
29, 6241
28, 6242
30, 6243
29, 6244
29, 6245
30, 6246
30, 6247
29, 6248
30, 6249
29, 6250
29, 6251
29, 6252
29, 6253
29, 6254
29, 6255
29, 6256
29, 6257
29, 6258
29, 6259
29, 6260
29, 6261
29, 6262
29, 6263
29, 6264
29, 6265
29, 6266
29, 6267
29, 6268
29, 6269
29, 6270
29, 6271
29, 6272
29, 6273
29, 6274
29, 6275
29, 6276
29, 6277
29, 6278
29, 6279
29, 6280
29, 6281
29, 6282
29, 6283
29, 6284
28, 6285
29, 6286
29, 6287
29, 6288
29, 6289
29, 6290
29, 6291
29, 6292
29, 6293
29, 6294
29, 6295
29, 6296
28, 6297
28, 6298
29, 6299
29, 6300
29, 6301
28, 6302
29, 6303
29, 6304
29, 6305
30, 6306
29, 6307
29, 6308
28, 6309
29, 6310
29, 6311
29, 6312
29, 6313
29, 6314
29, 6315
28, 6316
29, 6317
29, 6318
28, 6319
29, 6320
29, 6321
29, 6322
29, 6323
28, 6324
29, 6325
29, 6326
29, 6327
28, 6328
29, 6329
29, 6330
29, 6331
30, 6332
29, 6333
29, 6334
29, 6335
29, 6336
29, 6337
29, 6338
28, 6339
29, 6340
29, 6341
29, 6342
29, 6343
29, 6344
29, 6345
29, 6346
29, 6347
29, 6348
30, 6349
29, 6350
28, 6351
29, 6352
29, 6353
29, 6354
29, 6355
29, 6356
29, 6357
29, 6358
29, 6359
29, 6360
29, 6361
29, 6362
29, 6363
29, 6364
29, 6365
29, 6366
29, 6367
29, 6368
29, 6369
29, 6370
29, 6371
29, 6372
29, 6373
29, 6374
29, 6375
29, 6376
29, 6377
30, 6378
29, 6379
29, 6380
28, 6381
29, 6382
29, 6383
30, 6384
29, 6385
29, 6386
30, 6387
29, 6388
29, 6389
29, 6390
29, 6391
29, 6392
29, 6393
29, 6394
29, 6395
28, 6396
29, 6397
29, 6398
29, 6399
29, 6400
29, 6401
29, 6402
29, 6403
29, 6404
29, 6405
29, 6406
29, 6407
29, 6408
29, 6409
29, 6410
30, 6411
29, 6412
29, 6413
29, 6414
30, 6415
29, 6416
29, 6417
29, 6418
29, 6419
29, 6420
29, 6421
29, 6422
28, 6423
29, 6424
29, 6425
29, 6426
29, 6427
29, 6428
29, 6429
29, 6430
29, 6431
29, 6432
29, 6433
29, 6434
29, 6435
29, 6436
29, 6437
29, 6438
29, 6439
29, 6440
29, 6441
30, 6442
29, 6443
29, 6444
29, 6445
29, 6446
29, 6447
29, 6448
29, 6449
29, 6450
29, 6451
29, 6452
29, 6453
29, 6454
29, 6455
29, 6456
29, 6457
29, 6458
29, 6459
29, 6460
29, 6461
29, 6462
30, 6463
29, 6464
29, 6465
29, 6466
30, 6467
29, 6468
29, 6469
29, 6470
29, 6471
30, 6472
29, 6473
29, 6474
29, 6475
29, 6476
30, 6477
29, 6478
29, 6479
29, 6480
29, 6481
29, 6482
29, 6483
29, 6484
30, 6485
29, 6486
30, 6487
30, 6488
29, 6489
29, 6490
29, 6491
29, 6492
30, 6493
29, 6494
29, 6495
29, 6496
29, 6497
29, 6498
29, 6499
29, 6500
29, 6501
29, 6502
29, 6503
29, 6504
29, 6505
29, 6506
29, 6507
29, 6508
29, 6509
29, 6510
29, 6511
29, 6512
29, 6513
30, 6514
29, 6515
29, 6516
29, 6517
29, 6518
30, 6519
29, 6520
29, 6521
29, 6522
29, 6523
29, 6524
29, 6525
29, 6526
29, 6527
29, 6528
29, 6529
29, 6530
29, 6531
29, 6532
29, 6533
29, 6534
29, 6535
29, 6536
29, 6537
29, 6538
29, 6539
29, 6540
29, 6541
29, 6542
28, 6543
29, 6544
29, 6545
29, 6546
29, 6547
29, 6548
29, 6549
29, 6550
29, 6551
29, 6552
30, 6553
29, 6554
29, 6555
29, 6556
29, 6557
29, 6558
30, 6559
29, 6560
29, 6561
29, 6562
29, 6563
29, 6564
29, 6565
30, 6566
30, 6567
30, 6568
29, 6569
29, 6570
29, 6571
29, 6572
29, 6573
29, 6574
29, 6575
29, 6576
29, 6577
29, 6578
29, 6579
29, 6580
29, 6581
28, 6582
30, 6583
29, 6584
29, 6585
29, 6586
29, 6587
29, 6588
29, 6589
29, 6590
29, 6591
29, 6592
29, 6593
29, 6594
29, 6595
30, 6596
29, 6597
29, 6598
29, 6599
29, 6600
29, 6601
29, 6602
29, 6603
30, 6604
29, 6605
29, 6606
29, 6607
29, 6608
29, 6609
29, 6610
30, 6611
29, 6612
30, 6613
29, 6614
29, 6615
29, 6616
29, 6617
30, 6618
29, 6619
29, 6620
29, 6621
29, 6622
29, 6623
29, 6624
30, 6625
30, 6626
29, 6627
30, 6628
30, 6629
29, 6630
29, 6631
29, 6632
29, 6633
29, 6634
30, 6635
30, 6636
30, 6637
29, 6638
29, 6639
29, 6640
29, 6641
28, 6642
29, 6643
29, 6644
30, 6645
29, 6646
29, 6647
29, 6648
29, 6649
29, 6650
29, 6651
29, 6652
29, 6653
29, 6654
29, 6655
29, 6656
29, 6657
29, 6658
29, 6659
29, 6660
30, 6661
29, 6662
29, 6663
29, 6664
29, 6665
29, 6666
30, 6667
29, 6668
29, 6669
29, 6670
29, 6671
29, 6672
29, 6673
29, 6674
29, 6675
29, 6676
29, 6677
29, 6678
29, 6679
30, 6680
29, 6681
30, 6682
29, 6683
29, 6684
29, 6685
29, 6686
29, 6687
29, 6688
29, 6689
29, 6690
29, 6691
30, 6692
29, 6693
29, 6694
29, 6695
29, 6696
29, 6697
29, 6698
30, 6699
30, 6700
30, 6701
30, 6702
29, 6703
29, 6704
29, 6705
29, 6706
29, 6707
29, 6708
30, 6709
30, 6710
30, 6711
29, 6712
29, 6713
30, 6714
29, 6715
30, 6716
30, 6717
29, 6718
29, 6719
29, 6720
29, 6721
29, 6722
29, 6723
29, 6724
29, 6725
29, 6726
29, 6727
29, 6728
29, 6729
30, 6730
29, 6731
29, 6732
29, 6733
29, 6734
29, 6735
29, 6736
29, 6737
30, 6738
30, 6739
29, 6740
29, 6741
29, 6742
29, 6743
29, 6744
29, 6745
29, 6746
29, 6747
29, 6748
29, 6749
30, 6750
29, 6751
29, 6752
29, 6753
29, 6754
29, 6755
29, 6756
29, 6757
29, 6758
30, 6759
29, 6760
29, 6761
30, 6762
29, 6763
29, 6764
30, 6765
29, 6766
30, 6767
29, 6768
29, 6769
30, 6770
29, 6771
29, 6772
29, 6773
29, 6774
29, 6775
29, 6776
29, 6777
29, 6778
29, 6779
29, 6780
29, 6781
30, 6782
29, 6783
30, 6784
29, 6785
29, 6786
29, 6787
30, 6788
29, 6789
30, 6790
29, 6791
29, 6792
29, 6793
30, 6794
30, 6795
29, 6796
29, 6797
30, 6798
29, 6799
29, 6800
29, 6801
29, 6802
29, 6803
30, 6804
29, 6805
29, 6806
30, 6807
29, 6808
29, 6809
29, 6810
29, 6811
29, 6812
29, 6813
29, 6814
30, 6815
29, 6816
29, 6817
30, 6818
30, 6819
29, 6820
29, 6821
30, 6822
29, 6823
29, 6824
29, 6825
29, 6826
29, 6827
29, 6828
29, 6829
29, 6830
29, 6831
30, 6832
29, 6833
29, 6834
30, 6835
29, 6836
29, 6837
29, 6838
29, 6839
30, 6840
30, 6841
29, 6842
29, 6843
30, 6844
29, 6845
29, 6846
29, 6847
29, 6848
29, 6849
29, 6850
29, 6851
29, 6852
29, 6853
29, 6854
29, 6855
29, 6856
29, 6857
30, 6858
29, 6859
29, 6860
29, 6861
30, 6862
29, 6863
30, 6864
29, 6865
29, 6866
29, 6867
29, 6868
30, 6869
30, 6870
29, 6871
29, 6872
29, 6873
30, 6874
29, 6875
29, 6876
29, 6877
29, 6878
30, 6879
30, 6880
29, 6881
29, 6882
29, 6883
30, 6884
29, 6885
29, 6886
29, 6887
29, 6888
29, 6889
29, 6890
29, 6891
29, 6892
30, 6893
30, 6894
29, 6895
30, 6896
30, 6897
29, 6898
30, 6899
29, 6900
29, 6901
30, 6902
29, 6903
29, 6904
29, 6905
30, 6906
30, 6907
30, 6908
29, 6909
29, 6910
29, 6911
29, 6912
29, 6913
29, 6914
29, 6915
30, 6916
29, 6917
29, 6918
29, 6919
30, 6920
29, 6921
29, 6922
30, 6923
30, 6924
29, 6925
30, 6926
30, 6927
29, 6928
30, 6929
28, 6930
29, 6931
29, 6932
30, 6933
29, 6934
30, 6935
29, 6936
29, 6937
29, 6938
29, 6939
29, 6940
29, 6941
30, 6942
29, 6943
29, 6944
29, 6945
29, 6946
30, 6947
30, 6948
29, 6949
30, 6950
29, 6951
29, 6952
29, 6953
30, 6954
30, 6955
29, 6956
29, 6957
30, 6958
30, 6959
29, 6960
29, 6961
29, 6962
30, 6963
29, 6964
29, 6965
29, 6966
30, 6967
29, 6968
30, 6969
29, 6970
29, 6971
29, 6972
29, 6973
29, 6974
29, 6975
29, 6976
30, 6977
29, 6978
29, 6979
29, 6980
29, 6981
30, 6982
29, 6983
30, 6984
29, 6985
30, 6986
29, 6987
29, 6988
30, 6989
29, 6990
29, 6991
29, 6992
29, 6993
29, 6994
30, 6995
30, 6996
29, 6997
30, 6998
30, 6999
30, 7000
29, 7001
30, 7002
30, 7003
29, 7004
29, 7005
30, 7006
29, 7007
30, 7008
29, 7009
29, 7010
30, 7011
30, 7012
29, 7013
30, 7014
29, 7015
29, 7016
29, 7017
30, 7018
30, 7019
29, 7020
29, 7021
30, 7022
29, 7023
29, 7024
29, 7025
29, 7026
29, 7027
29, 7028
29, 7029
30, 7030
29, 7031
30, 7032
29, 7033
29, 7034
30, 7035
29, 7036
29, 7037
29, 7038
30, 7039
30, 7040
30, 7041
29, 7042
30, 7043
29, 7044
29, 7045
30, 7046
29, 7047
29, 7048
29, 7049
30, 7050
30, 7051
30, 7052
30, 7053
30, 7054
29, 7055
30, 7056
30, 7057
29, 7058
29, 7059
29, 7060
29, 7061
30, 7062
30, 7063
29, 7064
30, 7065
30, 7066
30, 7067
30, 7068
29, 7069
30, 7070
29, 7071
29, 7072
29, 7073
29, 7074
29, 7075
29, 7076
29, 7077
29, 7078
30, 7079
29, 7080
29, 7081
29, 7082
29, 7083
30, 7084
29, 7085
29, 7086
29, 7087
30, 7088
30, 7089
29, 7090
29, 7091
30, 7092
29, 7093
29, 7094
30, 7095
29, 7096
30, 7097
30, 7098
30, 7099
30, 7100
29, 7101
29, 7102
29, 7103
29, 7104
29, 7105
30, 7106
29, 7107
30, 7108
29, 7109
29, 7110
30, 7111
30, 7112
29, 7113
29, 7114
30, 7115
29, 7116
29, 7117
30, 7118
29, 7119
30, 7120
30, 7121
30, 7122
30, 7123
30, 7124
29, 7125
29, 7126
30, 7127
30, 7128
29, 7129
30, 7130
29, 7131
30, 7132
29, 7133
30, 7134
29, 7135
29, 7136
29, 7137
30, 7138
29, 7139
29, 7140
29, 7141
29, 7142
30, 7143
29, 7144
29, 7145
30, 7146
29, 7147
29, 7148
30, 7149
30, 7150
29, 7151
29, 7152
30, 7153
29, 7154
29, 7155
29, 7156
29, 7157
29, 7158
29, 7159
30, 7160
30, 7161
29, 7162
29, 7163
30, 7164
29, 7165
30, 7166
30, 7167
29, 7168
30, 7169
29, 7170
29, 7171
30, 7172
30, 7173
30, 7174
30, 7175
29, 7176
29, 7177
30, 7178
29, 7179
30, 7180
29, 7181
30, 7182
30, 7183
29, 7184
30, 7185
30, 7186
30, 7187
29, 7188
29, 7189
29, 7190
29, 7191
29, 7192
30, 7193
30, 7194
29, 7195
30, 7196
29, 7197
29, 7198
29, 7199
30, 7200
29, 7201
29, 7202
30, 7203
30, 7204
30, 7205
30, 7206
30, 7207
30, 7208
30, 7209
29, 7210
30, 7211
30, 7212
30, 7213
29, 7214
29, 7215
30, 7216
30, 7217
30, 7218
29, 7219
30, 7220
30, 7221
29, 7222
30, 7223
30, 7224
30, 7225
29, 7226
30, 7227
30, 7228
29, 7229
30, 7230
30, 7231
30, 7232
29, 7233
30, 7234
30, 7235
30, 7236
30, 7237
30, 7238
30, 7239
30, 7240
30, 7241
30, 7242
29, 7243
30, 7244
29, 7245
30, 7246
29, 7247
29, 7248
29, 7249
30, 7250
29, 7251
30, 7252
29, 7253
29, 7254
29, 7255
30, 7256
30, 7257
30, 7258
29, 7259
29, 7260
30, 7261
30, 7262
30, 7263
30, 7264
31, 7265
30, 7266
30, 7267
29, 7268
30, 7269
30, 7270
29, 7271
30, 7272
30, 7273
29, 7274
29, 7275
30, 7276
29, 7277
29, 7278
29, 7279
30, 7280
29, 7281
29, 7282
30, 7283
29, 7284
30, 7285
30, 7286
29, 7287
30, 7288
29, 7289
30, 7290
29, 7291
30, 7292
29, 7293
29, 7294
30, 7295
29, 7296
29, 7297
30, 7298
30, 7299
29, 7300
30, 7301
30, 7302
29, 7303
30, 7304
30, 7305
29, 7306
30, 7307
30, 7308
29, 7309
30, 7310
29, 7311
29, 7312
29, 7313
30, 7314
30, 7315
30, 7316
29, 7317
29, 7318
30, 7319
29, 7320
30, 7321
29, 7322
29, 7323
29, 7324
30, 7325
29, 7326
29, 7327
30, 7328
30, 7329
30, 7330
30, 7331
30, 7332
30, 7333
30, 7334
30, 7335
29, 7336
29, 7337
29, 7338
29, 7339
30, 7340
30, 7341
29, 7342
30, 7343
29, 7344
29, 7345
30, 7346
30, 7347
29, 7348
30, 7349
30, 7350
29, 7351
29, 7352
29, 7353
30, 7354
30, 7355
29, 7356
30, 7357
29, 7358
30, 7359
30, 7360
29, 7361
30, 7362
30, 7363
29, 7364
29, 7365
30, 7366
30, 7367
30, 7368
30, 7369
30, 7370
30, 7371
29, 7372
30, 7373
29, 7374
30, 7375
30, 7376
29, 7377
30, 7378
29, 7379
30, 7380
29, 7381
30, 7382
30, 7383
30, 7384
29, 7385
30, 7386
29, 7387
30, 7388
30, 7389
29, 7390
29, 7391
30, 7392
30, 7393
30, 7394
29, 7395
29, 7396
30, 7397
30, 7398
30, 7399
29, 7400
30, 7401
30, 7402
30, 7403
30, 7404
30, 7405
30, 7406
30, 7407
30, 7408
29, 7409
30, 7410
29, 7411
30, 7412
30, 7413
30, 7414
29, 7415
30, 7416
29, 7417
29, 7418
29, 7419
29, 7420
30, 7421
29, 7422
29, 7423
30, 7424
30, 7425
29, 7426
29, 7427
30, 7428
30, 7429
29, 7430
30, 7431
29, 7432
30, 7433
29, 7434
30, 7435
30, 7436
30, 7437
30, 7438
30, 7439
29, 7440
29, 7441
30, 7442
30, 7443
29, 7444
30, 7445
30, 7446
30, 7447
30, 7448
30, 7449
30, 7450
30, 7451
30, 7452
29, 7453
30, 7454
29, 7455
30, 7456
30, 7457
30, 7458
30, 7459
29, 7460
30, 7461
30, 7462
30, 7463
30, 7464
30, 7465
30, 7466
29, 7467
30, 7468
29, 7469
29, 7470
29, 7471
30, 7472
30, 7473
30, 7474
30, 7475
29, 7476
29, 7477
30, 7478
30, 7479
30, 7480
30, 7481
30, 7482
30, 7483
30, 7484
30, 7485
30, 7486
29, 7487
30, 7488
30, 7489
30, 7490
31, 7491
29, 7492
30, 7493
30, 7494
29, 7495
29, 7496
30, 7497
30, 7498
30, 7499
29, 7500
29, 7501
30, 7502
30, 7503
29, 7504
30, 7505
30, 7506
30, 7507
29, 7508
30, 7509
30, 7510
29, 7511
30, 7512
29, 7513
30, 7514
30, 7515
30, 7516
30, 7517
30, 7518
30, 7519
30, 7520
30, 7521
30, 7522
30, 7523
29, 7524
29, 7525
30, 7526
30, 7527
29, 7528
30, 7529
30, 7530
30, 7531
30, 7532
30, 7533
30, 7534
30, 7535
30, 7536
30, 7537
30, 7538
30, 7539
30, 7540
30, 7541
30, 7542
30, 7543
29, 7544
30, 7545
30, 7546
30, 7547
30, 7548
30, 7549
30, 7550
29, 7551
30, 7552
29, 7553
29, 7554
30, 7555
30, 7556
30, 7557
30, 7558
30, 7559
30, 7560
30, 7561
30, 7562
31, 7563
30, 7564
30, 7565
29, 7566
29, 7567
30, 7568
30, 7569
29, 7570
30, 7571
29, 7572
30, 7573
30, 7574
29, 7575
30, 7576
30, 7577
30, 7578
30, 7579
30, 7580
29, 7581
29, 7582
30, 7583
30, 7584
30, 7585
29, 7586
29, 7587
30, 7588
30, 7589
29, 7590
29, 7591
30, 7592
30, 7593
30, 7594
30, 7595
30, 7596
30, 7597
30, 7598
30, 7599
29, 7600
30, 7601
30, 7602
30, 7603
30, 7604
30, 7605
30, 7606
29, 7607
30, 7608
30, 7609
30, 7610
30, 7611
30, 7612
30, 7613
29, 7614
30, 7615
29, 7616
30, 7617
30, 7618
29, 7619
29, 7620
30, 7621
30, 7622
30, 7623
30, 7624
30, 7625
30, 7626
30, 7627
30, 7628
30, 7629
30, 7630
30, 7631
30, 7632
30, 7633
30, 7634
30, 7635
30, 7636
30, 7637
30, 7638
30, 7639
30, 7640
30, 7641
29, 7642
30, 7643
30, 7644
30, 7645
29, 7646
30, 7647
29, 7648
29, 7649
30, 7650
30, 7651
30, 7652
30, 7653
30, 7654
29, 7655
30, 7656
30, 7657
30, 7658
31, 7659
30, 7660
30, 7661
30, 7662
30, 7663
30, 7664
30, 7665
30, 7666
30, 7667
30, 7668
30, 7669
29, 7670
30, 7671
30, 7672
30, 7673
29, 7674
30, 7675
30, 7676
30, 7677
30, 7678
30, 7679
30, 7680
29, 7681
30, 7682
30, 7683
30, 7684
30, 7685
29, 7686
30, 7687
30, 7688
30, 7689
29, 7690
30, 7691
30, 7692
30, 7693
30, 7694
30, 7695
30, 7696
31, 7697
30, 7698
29, 7699
30, 7700
30, 7701
30, 7702
30, 7703
30, 7704
30, 7705
29, 7706
30, 7707
30, 7708
31, 7709
30, 7710
30, 7711
30, 7712
30, 7713
30, 7714
30, 7715
31, 7716
30, 7717
30, 7718
31, 7719
30, 7720
30, 7721
30, 7722
30, 7723
30, 7724
29, 7725
30, 7726
29, 7727
30, 7728
30, 7729
30, 7730
30, 7731
30, 7732
30, 7733
29, 7734
30, 7735
30, 7736
30, 7737
30, 7738
30, 7739
30, 7740
30, 7741
30, 7742
30, 7743
29, 7744
29, 7745
29, 7746
29, 7747
30, 7748
30, 7749
30, 7750
29, 7751
29, 7752
30, 7753
30, 7754
30, 7755
30, 7756
29, 7757
30, 7758
30, 7759
29, 7760
30, 7761
29, 7762
30, 7763
30, 7764
30, 7765
30, 7766
30, 7767
29, 7768
30, 7769
30, 7770
30, 7771
30, 7772
30, 7773
30, 7774
30, 7775
30, 7776
30, 7777
29, 7778
30, 7779
30, 7780
30, 7781
30, 7782
30, 7783
30, 7784
30, 7785
30, 7786
30, 7787
30, 7788
31, 7789
30, 7790
29, 7791
30, 7792
30, 7793
30, 7794
30, 7795
30, 7796
30, 7797
29, 7798
30, 7799
30, 7800
30, 7801
30, 7802
30, 7803
31, 7804
30, 7805
30, 7806
31, 7807
30, 7808
30, 7809
30, 7810
30, 7811
30, 7812
30, 7813
30, 7814
30, 7815
30, 7816
30, 7817
30, 7818
30, 7819
30, 7820
30, 7821
30, 7822
30, 7823
30, 7824
30, 7825
30, 7826
30, 7827
30, 7828
30, 7829
30, 7830
30, 7831
30, 7832
30, 7833
30, 7834
30, 7835
30, 7836
30, 7837
30, 7838
30, 7839
30, 7840
30, 7841
30, 7842
29, 7843
30, 7844
30, 7845
30, 7846
30, 7847
30, 7848
30, 7849
30, 7850
30, 7851
30, 7852
30, 7853
30, 7854
30, 7855
30, 7856
30, 7857
31, 7858
30, 7859
30, 7860
30, 7861
30, 7862
30, 7863
30, 7864
30, 7865
30, 7866
30, 7867
30, 7868
30, 7869
30, 7870
30, 7871
30, 7872
30, 7873
30, 7874
30, 7875
30, 7876
30, 7877
30, 7878
30, 7879
30, 7880
30, 7881
30, 7882
29, 7883
30, 7884
30, 7885
30, 7886
30, 7887
30, 7888
30, 7889
30, 7890
29, 7891
31, 7892
30, 7893
30, 7894
30, 7895
30, 7896
31, 7897
29, 7898
30, 7899
30, 7900
30, 7901
30, 7902
30, 7903
30, 7904
30, 7905
30, 7906
30, 7907
30, 7908
30, 7909
30, 7910
30, 7911
30, 7912
30, 7913
30, 7914
30, 7915
30, 7916
30, 7917
30, 7918
30, 7919
30, 7920
29, 7921
29, 7922
30, 7923
30, 7924
30, 7925
30, 7926
30, 7927
29, 7928
30, 7929
30, 7930
30, 7931
30, 7932
30, 7933
30, 7934
30, 7935
30, 7936
30, 7937
30, 7938
29, 7939
31, 7940
30, 7941
30, 7942
30, 7943
30, 7944
30, 7945
30, 7946
30, 7947
30, 7948
30, 7949
29, 7950
30, 7951
30, 7952
30, 7953
30, 7954
30, 7955
30, 7956
30, 7957
30, 7958
30, 7959
30, 7960
30, 7961
31, 7962
30, 7963
30, 7964
30, 7965
31, 7966
30, 7967
30, 7968
30, 7969
30, 7970
30, 7971
30, 7972
30, 7973
30, 7974
30, 7975
30, 7976
30, 7977
30, 7978
30, 7979
30, 7980
30, 7981
30, 7982
30, 7983
30, 7984
30, 7985
30, 7986
30, 7987
30, 7988
30, 7989
30, 7990
30, 7991
30, 7992
30, 7993
30, 7994
30, 7995
30, 7996
30, 7997
31, 7998
30, 7999